1.694697
-0.250995
0.714260
0.000000
0.069544
1.608501
0.000000
-2.742699
1.338450
0.739980
-1.812782
1.070666
0.896019
0.388327
0.687921
0.983412
1.675595
0.460658
0.995464
0.324154
0.565893
0.931251
-1.593480
1.104481
0.795693
0.859526
0.321612
0.599176
-0.688835
1.957172
0.356754
-0.585981
0.993299
0.087001
0.230595
0.514630
-0.189418
-0.887184
1.562220
-0.451325
0.579834
0.522964
-0.678655
-1.555832
1.051950
-0.853992
1.116459
0.468550
-0.963903
1.457544
0.484186
-0.999967
-0.527986
0.850498
-0.959421
-2.254850
1.173288
-0.845372
-2.894206
1.446662
-0.666558
-3.043091
1.883235
-0.436677
-2.491263
3.007474
-0.173341
-0.558132
4.024990
0.000000
-3.204599
1.712198
0.274125
-3.139970
0.944637
0.527250
-2.756326
0.697159
0.739980
-1.771741
0.677345
0.896019
0.452467
0.861098
0.983412
1.696023
0.966488
0.995464
0.161363
0.710453
0.931251
-1.627791
0.782380
0.795693
0.924775
0.602701
0.599176
-0.795511
1.954046
0.356754
-0.532628
0.080569
0.087001
-0.044820
-0.388668
-0.189418
-1.041608
1.408132
-0.451325
0.647693
0.724713
-0.678655
-1.601246
0.708265
-0.853992
1.031616
0.833641
-0.963903
1.496327
0.921906
-0.999967
-0.502729
0.783478
-0.959421
-2.241635
0.665676
-0.845372
-2.926202
0.767389
-0.666558
-3.209926
1.136385
-0.436677
-2.965795
2.394154
-0.173341
-1.604360
3.819444
0.000000
-3.297804
0.779794
0.274125
-3.015710
0.147205
0.527250
-2.565778
0.044321
0.739980
-1.614936
0.299980
0.896019
0.469738
1.070083
0.983412
1.578195
1.471102
0.995464
-0.049310
0.762866
0.931251
-1.551640
0.431536
0.795693
0.823167
0.898156
0.599176
-1.024604
1.800143
0.356754
-0.993229
0.980871
0.087001
0.014172
1.304191
-0.189418
-1.247370
1.155117
-0.451325
0.722029
0.981355
-0.678655
-1.573779
0.329079
-0.853992
0.864221
1.162291
-0.963903
1.410502
1.384888
-0.999967
-0.390377
0.756505
-0.959421
-2.073356
0.153995
-0.845372
-2.759823
0.057072
-0.666558
-3.132304
0.296792
-0.436677
-3.298475
1.400149
-0.173341
-2.810216
3.288352
0.000000
-3.009500
-0.226125
0.274125
-2.627970
-0.615990
0.527250
-2.184566
-0.543448
0.739980
-1.319517
0.009600
0.896019
0.418219
1.304322
0.983412
1.311389
1.950827
0.995464
-0.263466
0.677228
0.931251
-1.334121
0.096203
0.795693
0.574620
1.141800
0.599176
-1.256121
1.514235
0.356754
-0.380715
-0.240775
0.087001
0.096739
1.653440
-0.189418
-1.346420
0.798027
-0.451325
0.697585
1.298591
-0.678655
-1.414123
-0.070981
-0.853992
0.604032
1.401267
-0.963903
1.182347
1.835409
-0.999967
-0.272087
0.794900
-0.959421
-1.725201
-0.267702
-0.845372
-2.380960
-0.614346
-0.666558
-2.758750
-0.535478
-0.436677
-3.182031
0.241405
-0.173341
-3.527032
1.989777
0.000000
-2.313992
-1.096402
0.274125
-1.992165
-1.240823
0.527250
-1.640337
-1.000611
0.739980
-0.960829
-0.164754
0.896019
0.300183
1.563141
0.983412
0.894732
2.351119
0.995464
-0.369088
0.505464
0.931251
-0.976845
-0.109639
0.795693
0.214195
1.219597
0.599176
-1.318002
1.020396
0.356754
-0.775779
0.236416
0.087001
-0.150924
1.406362
-0.189418
-1.229758
0.381846
-0.451325
0.555021
1.640311
-0.678655
-1.097777
-0.418710
-0.853992
0.329772
1.579698
-0.963903
0.820861
2.225249
-0.999967
-0.191384
0.894875
-0.959421
-1.278842
-0.561162
-0.845372
-1.794836
-1.115828
-0.666558
-2.110840
-1.229674
-0.436677
-2.506958
-0.834111
-0.173341
-1.290635
4.254983
0.000000
-1.451265
-1.658004
0.274125
-1.222056
-1.640180
0.527250
-0.982102
-1.250619
0.739980
-0.591167
-0.203976
0.896019
0.069671
1.787160
0.983412
0.368575
2.603959
0.995464
-0.334652
0.341309
0.931251
-0.570266
-0.144374
0.795693
-0.134496
0.982686
0.599176
-0.820241
0.617938
0.356754
0.067034
0.834903
0.087001
-0.027997
0.493707
-0.189418
-0.835847
0.101308
-0.451325
-0.016701
1.123113
-0.678655
0.033631
1.295409
-0.853992
0.079438
1.478310
-0.963903
0.144463
1.737106
-0.999967
0.200616
1.967784
-0.959421
0.244679
2.158420
-0.845372
0.291193
2.366213
-0.666558
0.321597
2.503942
-0.436677
0.336552
2.575525
-0.173341
-0.351179
2.568264
0.000000
-0.355852
2.542161
0.274125
-0.355849
2.456593
0.527250
-0.348332
2.283344
0.739980
-0.339492
2.088173
0.896019
-0.332670
1.890162
0.983412
-0.320231
1.622920
0.995464
-0.311833
1.395421
0.931251
-0.315016
1.217179
0.795693
-0.308805
1.039123
0.599176
-0.301210
0.927607
0.356754
-0.315283
0.881205
0.087001
-0.303686
0.902214
-0.189418
-0.289772
0.986663
-0.451325
-0.283745
1.106996
-0.678655
-0.268623
1.300271
-0.853992
-0.273582
1.502503
-0.963903
-0.284693
1.699170
-0.999967
-0.298099
1.958643
-0.959421
-0.311991
2.169943
-0.845372
-0.324852
2.329929
-0.666558
-0.337830
2.481606
-0.436677
-0.347163
2.559278
-0.173341
-0.992853
2.381669
0.000000
-0.980172
2.346708
0.274125
-0.949547
2.260793
0.527250
-0.905510
2.136526
0.739980
-0.830742
1.932903
0.896019
-0.759176
1.730780
0.983412
-0.696338
1.543667
0.995464
-0.610769
1.313600
0.931251
-0.549813
1.133767
0.795693
-0.517822
0.995906
0.599176
-0.463921
0.892092
0.356754
-0.447791
0.849184
0.087001
-0.468430
0.854350
-0.189418
-0.465613
0.939864
-0.451325
-0.500425
1.058810
-0.678655
-0.552426
1.198269
-0.853992
-0.620222
1.412976
-0.963903
-0.693952
1.615700
-0.999967
-0.763628
1.796837
-0.959421
-0.847636
2.019507
-0.845372
-0.911863
2.184136
-0.666558
-0.955783
2.291245
-0.436677
-0.987226
2.368318
-0.173341
-1.563407
2.047093
0.000000
-1.548400
2.026263
0.274125
-1.483533
1.942366
0.527250
-1.395521
1.826584
0.739980
-1.295163
1.693312
0.896019
-1.145696
1.499241
0.983412
-1.013120
1.323755
0.995464
-0.903476
1.172527
0.931251
-0.768731
1.008293
0.795693
-0.676845
0.889691
0.599176
-0.630842
0.802909
0.356754
-0.580057
0.774835
0.087001
-0.587517
0.786520
-0.189418
-0.636645
0.829075
-0.451325
-0.701471
0.947196
-0.678655
-0.801562
1.076640
-0.853992
-0.912611
1.212108
-0.963903
-1.061382
1.410790
-0.999967
-1.195667
1.584083
-0.959421
-1.308711
1.727108
-0.845372
-1.431950
1.886179
-0.666558
-1.513579
1.989300
-0.436677
-1.555703
2.039257
-0.173341
-2.027895
1.594287
0.000000
-2.007244
1.575013
0.274125
-1.940461
1.522639
0.527250
-1.803990
1.422443
0.739980
-1.651715
1.311910
0.896019
-1.497683
1.201438
0.983412
-1.285836
1.056113
0.995464
-1.109149
0.934023
0.931251
-0.971487
0.832539
0.795693
-0.820886
0.746555
0.599176
-0.731909
0.688904
0.356754
-0.703363
0.646658
0.087001
-0.697065
0.675006
-0.189418
-0.758036
0.713251
-0.451325
-0.859154
0.765734
-0.678655
-1.007521
0.881306
-0.853992
-1.174194
0.993642
-0.963903
-1.337441
1.101151
-0.999967
-1.546281
1.250337
-0.959421
-1.716354
1.370875
-0.845372
-1.844225
1.461249
-0.666558
-1.962890
1.548154
-0.436677
-2.021788
1.591209
-0.173341
-2.390269
1.024412
0.000000
-2.353269
1.008512
0.274125
-2.265314
0.976162
0.527250
-2.138566
0.933062
0.739980
-1.928769
0.865560
0.896019
-1.718667
0.800000
0.983412
-1.519758
0.739522
0.995464
-1.269466
0.665182
0.931251
-1.079672
0.606694
0.795693
-0.938099
0.563192
0.599176
-0.810990
0.538947
0.356754
-0.764457
0.518535
0.087001
-0.776723
0.518002
-0.189418
-0.849005
0.553692
-0.451325
-0.972946
0.581638
-0.678655
-1.129492
0.624977
-0.853992
-1.359453
0.701186
-0.963903
-1.578059
0.768072
-0.999967
-1.775438
0.829946
-0.959421
-2.010834
0.908454
-0.845372
-2.184419
0.964441
-0.666558
-2.297470
0.998953
-0.436677
-2.377138
1.022283
-0.173341
-2.604983
0.350999
0.000000
-2.570643
0.349628
0.274125
-2.460598
0.344390
0.527250
-2.319099
0.337338
0.739980
-0.066384
0.835392
0.896019
-1.781631
0.608834
0.983412
-1.938839
0.552374
0.995464
0.340268
0.760902
0.931251
0.222153
0.851881
0.795693
0.415559
0.853669
0.599176
-1.020153
0.949674
0.356754
-0.459344
1.236015
0.087001
0.092456
0.875537
-0.189418
-0.968031
0.275955
-0.451325
-1.402675
0.590243
-0.678655
1.162272
0.919056
-0.853992
-0.930980
0.659279
-0.963903
-2.139150
0.538928
-0.999967
-1.259284
0.679861
-0.959421
0.545471
0.912675
-0.845372
1.610251
1.113320
-0.666558
2.026772
1.391051
-0.436677
2.040324
2.136766
-0.173341
-0.984912
3.283835
0.000000
1.657752
2.475641
0.274125
1.706101
1.923634
0.527250
1.222741
1.506626
0.739980
-0.050063
0.902873
0.896019
-1.636159
0.191280
0.983412
-1.797195
0.056738
0.995464
0.359860
0.941912
0.931251
0.139370
0.968546
0.795693
0.345583
1.019800
0.599176
-0.885950
0.567185
0.356754
-0.247276
0.544003
0.087001
0.188597
-0.180786
-0.189418
-0.688222
-0.033230
-0.451325
-1.289552
0.256727
-0.678655
1.041444
1.307504
-0.853992
-0.749022
0.497602
-0.963903
-2.001947
0.002863
-0.999967
-1.142224
0.417944
-0.959421
0.549508
1.165263
-0.845372
1.477951
1.658062
-0.666558
1.788848
2.089014
-0.436677
1.320351
2.825675
-0.173341
-1.771449
3.166138
0.000000
1.091599
2.984651
0.274125
1.374874
2.475144
0.527250
1.052430
1.944994
0.739980
0.018916
1.038602
0.896019
-1.366196
-0.109239
0.983412
-1.580471
-0.374932
0.995464
0.291531
1.106586
0.931251
0.095394
1.093343
0.795693
0.189975
1.134454
0.599176
-0.252602
0.464680
0.356754
-0.401489
0.320854
0.087001
0.603718
1.097579
-0.189418
-0.320538
-0.164307
-0.451325
-1.091189
-0.046756
-0.678655
0.834354
1.656630
-0.853992
-0.623377
0.375294
-0.963903
-1.738098
-0.435621
-0.999967
-0.949256
0.239698
-0.959421
0.524007
1.452425
-0.845372
1.255940
2.170492
-0.666558
1.359304
2.649506
-0.436677
0.641556
3.241457
-0.173341
-2.305834
2.860544
0.000000
0.534923
3.354371
0.274125
0.934618
2.926901
0.527250
0.802434
2.353995
0.739980
0.057056
1.246565
0.896019
-1.048244
-0.294466
0.983412
-1.305847
-0.733128
0.995464
0.169264
1.228683
0.931251
0.040753
1.246149
0.795693
0.029088
1.167808
0.599176
-0.257699
0.966891
0.356754
0.532111
0.581206
0.087001
0.050477
1.528527
-0.189418
-0.080749
-0.066668
-0.451325
-0.826337
-0.282195
-0.678655
0.577657
1.927685
-0.853992
-0.533786
0.242715
-0.963903
-1.379688
-0.756128
-0.999967
-0.709217
0.181070
-0.959421
0.438886
1.765896
-0.845372
0.912678
2.601683
-0.666558
0.878401
3.095356
-0.436677
0.073764
3.496473
-0.173341
-3.100184
2.933081
0.000000
0.073500
3.595671
0.274125
0.456365
3.260824
0.527250
0.447707
2.690040
0.739980
0.047434
1.542956
0.896019
-0.729412
-0.378511
0.983412
-0.964544
-0.988065
0.995464
-0.004403
1.224258
0.931251
-0.055087
1.403313
0.795693
-0.120006
1.067504
0.599176
-0.531275
0.923399
0.356754
0.620668
1.175294
0.087001
0.171006
1.468134
-0.189418
-0.013072
0.144965
-0.451325
-0.534388
-0.435097
-0.678655
0.277189
2.109265
-0.853992
-0.481802
0.017458
-0.963903
-0.971648
-0.950970
-0.999967
-0.475445
0.259746
-0.959421
0.274448
2.085036
-0.845372
0.506372
2.943921
-0.666558
0.406407
3.412245
-0.436677
-0.347628
3.644383
-0.173341
-2.497188
1.693838
0.000000
-0.342783
3.712824
0.274125
-0.012656
3.487398
0.527250
0.034114
2.934668
0.739980
-0.081060
1.818971
0.896019
-0.426236
-0.328923
0.983412
-0.571080
-1.126430
0.995464
-0.154769
1.103694
0.931251
-0.169553
1.595846
0.795693
-0.203389
0.876493
0.599176
-0.572390
0.779747
0.356754
0.316156
1.481016
0.087001
-0.654521
1.633285
-0.189418
-0.141439
0.526923
-0.451325
-0.266175
-0.505130
-0.678655
-0.044725
2.208855
-0.853992
-0.364100
-0.264848
-0.963903
-0.310383
-1.733713
-0.999967
-0.372172
-1.924296
-0.959421
-0.446507
-2.159828
-0.845372
-0.501173
-2.336656
-0.666558
-0.535718
-2.453605
-0.436677
-0.560901
-2.539431
-0.173341
0.131208
-2.593940
0.000000
0.136575
-2.569575
0.274125
0.141444
-2.461728
0.527250
0.146933
-2.311201
0.739980
0.154281
-2.136697
0.896019
0.162728
-1.880295
0.983412
0.172522
-1.645822
0.995464
0.187272
-1.447689
0.931251
0.197440
-1.222728
0.795693
0.203364
-1.059029
0.599176
0.222963
-0.960131
0.356754
0.218851
-0.907408
0.087001
0.208413
-0.921734
-0.189418
0.213518
-0.989552
-0.451325
0.192814
-1.139223
-0.678655
0.171828
-1.323200
-0.853992
0.154510
-1.509249
-0.963903
0.134152
-1.763647
-0.999967
0.124760
-1.986700
-0.959421
0.121614
-2.172421
-0.845372
0.119875
-2.377414
-0.666558
0.122058
-2.512662
-0.436677
0.127607
-2.581394
-0.173341
0.768502
-2.461039
0.000000
0.765379
-2.433464
0.274125
0.747169
-2.350810
0.527250
0.704763
-2.186833
0.739980
0.657986
-2.003990
0.896019
0.611946
-1.819266
0.983412
0.544711
-1.571733
0.995464
0.492762
-1.364372
0.931251
0.459460
-1.196384
0.795693
0.405752
-1.033868
0.599176
0.379341
-0.934138
0.356754
0.388062
-0.883825
0.087001
0.364901
-0.902980
-0.189418
0.381979
-0.973918
-0.451325
0.418876
-1.083160
-0.678655
0.450009
-1.271166
-0.853992
0.496690
-1.463884
-0.963903
0.546655
-1.648530
-0.999967
0.610567
-1.893867
-0.959421
0.664774
-2.092543
-0.845372
0.706725
-2.241979
-0.666558
0.745444
-2.383704
-0.436677
0.765231
-2.454484
-0.173341
1.376959
-2.177643
0.000000
1.356332
-2.145262
0.274125
1.308170
-2.067469
0.527250
1.239364
-1.955944
0.739980
1.124580
-1.774217
0.896019
1.012937
-1.595122
0.983412
0.912280
-1.431032
0.995464
0.779301
-1.230493
0.931251
0.678624
-1.074490
0.795693
0.613625
-0.953607
0.599176
0.535681
-0.867352
0.356754
0.508500
-0.829112
0.087001
0.528416
-0.826723
-0.189418
0.548746
-0.902387
-0.451325
0.616136
-1.004914
-0.678655
0.702719
-1.126599
-0.853992
0.817046
-1.319309
-0.963903
0.932891
-1.499787
-0.999967
1.038989
-1.660248
-0.959421
1.166086
-1.858765
-0.845372
1.261377
-2.004774
-0.666558
1.324786
-2.098900
-0.436677
1.369611
-2.166452
-0.173341
1.890726
-1.757783
0.000000
1.871119
-1.738801
0.274125
1.789734
-1.668274
0.527250
1.679038
-1.571886
0.739980
1.552391
-1.461931
0.896019
1.364761
-1.303615
0.983412
1.196271
-1.162191
0.995464
1.053152
-1.042078
0.931251
0.878955
-0.914740
0.795693
0.755551
-0.821726
0.599176
0.686383
-0.749314
0.356754
0.625478
-0.733853
0.087001
0.635003
-0.740093
-0.189418
0.696332
-0.766386
-0.451325
0.790946
-0.865516
-0.678655
0.924233
-0.969670
-0.853992
1.068387
-1.078337
-0.963903
1.260345
-1.241966
-0.999967
1.431645
-1.384037
-0.959421
1.574482
-1.500604
-0.845372
1.729004
-1.630563
-0.666558
1.830478
-1.713797
-0.436677
1.881832
-1.752660
-0.173341
2.282171
-1.235567
0.000000
2.256551
-1.216290
0.274125
2.178461
-1.174834
0.527250
2.022164
-1.101052
0.739980
1.848314
-1.021536
0.896019
1.672848
-0.944367
0.983412
1.433085
-0.848110
0.995464
1.228393
-0.773705
0.931251
1.055205
-0.713540
0.795693
0.872284
-0.657022
0.599176
0.768205
-0.615562
0.356754
0.722228
-0.594986
0.087001
0.723214
-0.612123
-0.189418
0.793390
-0.628041
-0.451325
0.908147
-0.667673
-0.678655
1.092420
-0.748028
-0.853992
1.287565
-0.822355
-0.963903
1.479357
-0.898853
-0.999967
1.725188
-1.005010
-0.959421
1.923390
-1.089173
-0.845372
2.071683
-1.152013
-0.666558
2.208651
-1.210989
-0.436677
2.275944
-1.236812
-0.173341
2.557132
-0.591702
0.000000
2.509632
-0.584721
0.274125
2.410493
-0.569717
0.527250
2.270859
-0.549851
0.739980
2.045754
-0.519239
0.896019
1.825184
-0.490416
0.983412
1.623718
-0.467001
0.995464
