-0.000227
-0.000200
0.000000
-0.999466
0.020000
0.000000
2.672435
-0.000000
0.739980
2.443815
-0.000000
0.896019
2.181174
-0.000000
0.983412
1.904630
-0.000000
0.995464
1.635365
0.000000
0.931251
1.394000
0.000000
0.795693
1.199014
0.000000
0.599176
1.065338
0.000000
0.356754
1.003250
0.000000
0.087001
1.017583
0.000000
-0.189418
1.107214
0.000000
-0.451325
1.265204
0.000000
-0.678655
1.479432
0.000000
-0.853992
1.733500
0.000000
-0.963903
2.007952
0.000000
-0.999967
2.281770
0.000000
-0.959421
2.533979
0.000000
-0.845372
2.745261
0.000000
-0.666558
2.899430
0.000000
-0.436677
2.984675
0.000000
-0.173341
2.884903
0.822326
0.000000
2.848063
0.811825
0.274125
2.740367
0.781127
0.527250
2.570064
0.732583
0.739980
2.350202
0.669912
0.896019
2.097621
0.597916
0.983412
1.831671
0.522108
0.995464
1.572721
0.448296
0.931251
1.340601
0.382132
0.795693
1.153084
0.328682
0.599176
1.024529
0.292038
0.356754
0.964819
0.275018
0.087001
0.978603
0.278947
-0.189418
1.064801
0.303517
-0.451325
1.216738
0.346826
-0.678655
1.422761
0.405551
-0.853992
1.667096
0.475197
-0.963903
1.931035
0.550431
-0.999967
2.194364
0.625492
-0.959421
2.436913
0.694629
-0.845372
2.640101
0.752547
-0.666558
2.788364
0.794808
-0.436677
2.870344
0.818176
-0.173341
2.548973
1.581651
0.000000
2.516423
1.561454
0.274125
2.421267
1.502409
0.527250
2.270795
1.409041
0.739980
2.076534
1.288501
0.896019
1.853365
1.150024
0.983412
1.618383
1.004217
0.995464
1.389586
0.862247
0.931251
1.184495
0.734988
0.795693
1.018813
0.632182
0.599176
0.905227
0.561702
0.356754
0.852470
0.528966
0.087001
0.864649
0.536523
-0.189418
0.940810
0.583781
-0.451325
1.075055
0.667080
-0.678655
1.257088
0.780032
-0.853992
1.472972
0.913988
-0.963903
1.706177
1.058693
-0.999967
1.938843
1.203063
-0.959421
2.153148
1.336040
-0.845372
2.332677
1.447439
-0.666558
2.463676
1.528724
-0.436677
2.536109
1.573669
-0.173341
2.017760
2.219803
0.000000
1.991994
2.191457
0.274125
1.916669
2.108589
0.527250
1.797556
1.977549
0.739980
1.643779
1.808375
0.896019
1.467119
1.614026
0.983412
1.281107
1.409389
0.995464
1.099992
1.210139
0.931251
0.937642
1.031535
0.795693
0.806488
0.887249
0.599176
0.716573
0.788332
0.356754
0.674811
0.742389
0.087001
0.684451
0.752995
-0.189418
0.744741
0.819320
-0.451325
0.851009
0.936228
-0.678655
0.995107
1.094753
-0.853992
1.166000
1.282757
-0.963903
1.350605
1.485846
-0.999967
1.534783
1.688465
-0.959421
1.704426
1.875095
-0.845372
1.846541
2.031439
-0.666558
1.950239
2.145521
-0.436677
2.007578
2.208601
-0.173341
1.331963
2.687890
0.000000
1.314954
2.653567
0.274125
1.265230
2.553225
0.527250
1.186601
2.394553
0.739980
1.085090
2.189705
0.896019
0.968473
1.954374
0.983412
0.845683
1.706586
0.995464
0.726124
1.465320
0.931251
0.618954
1.249053
0.795693
0.532376
1.074342
0.599176
0.473020
0.954566
0.356754
0.445451
0.898935
0.087001
0.451816
0.911777
-0.189418
0.491614
0.992088
-0.451325
0.561765
1.133649
-0.678655
0.656887
1.325601
-0.853992
0.769698
1.553250
-0.963903
0.891560
1.799164
-0.999967
1.013139
2.044510
-0.959421
1.125125
2.270494
-0.845372
1.218937
2.459807
-0.666558
1.287391
2.597945
-0.436677
1.325241
2.674326
-0.173341
0.544121
2.950052
0.000000
0.537173
2.912381
0.274125
0.516860
2.802253
0.527250
0.484739
2.628104
0.739980
0.443270
2.403277
0.896019
0.395630
2.144992
0.983412
0.345469
1.873036
0.995464
0.296627
1.608239
0.931251
0.252845
1.370878
0.795693
0.217476
1.179126
0.599176
0.193227
1.047668
0.356754
0.181964
0.986610
0.087001
0.184564
1.000705
-0.189418
0.200824
1.088849
-0.451325
0.229483
1.244218
-0.678655
0.268342
1.454892
-0.853992
0.314427
1.704745
-0.963903
0.364210
1.974644
-0.999967
0.413877
2.243920
-0.959421
0.459625
2.491946
-0.845372
0.497949
2.699723
-0.666558
0.525913
2.851334
-0.436677
0.541375
2.935165
-0.173341
-0.285407
2.986204
0.000000
-0.281762
2.948071
0.274125
-0.271108
2.836593
0.527250
-0.254260
2.660311
0.739980
-0.232510
2.432728
0.896019
-0.207522
2.171278
0.983412
-0.181213
1.895989
0.995464
-0.155596
1.627946
0.931251
-0.132634
1.387676
0.795693
-0.114085
1.193574
0.599176
-0.101370
1.060504
0.356754
-0.095464
0.998698
0.087001
-0.096828
1.012966
-0.189418
-0.105353
1.102191
-0.451325
-0.120382
1.259463
-0.678655
-0.140761
1.472720
-0.853992
-0.164932
1.725635
-0.963903
-0.191042
1.998842
-0.999967
-0.217093
2.271418
-0.959421
-0.241088
2.522483
-0.845372
-0.261189
2.732807
-0.666558
-0.275856
2.886276
-0.436677
-0.283967
2.971135
-0.173341
-1.093069
2.793577
0.000000
-1.079111
2.757903
0.274125
-1.038306
2.653616
0.527250
-0.973780
2.488705
0.739980
-0.890476
2.275802
0.896019
-0.794776
2.031217
0.983412
-0.694010
1.773685
0.995464
-0.595898
1.522932
0.931251
-0.507952
1.298160
0.795693
-0.436907
1.116578
0.599176
-0.388201
0.992091
0.356754
-0.365580
0.934271
0.087001
-0.370802
0.947618
-0.189418
-0.403459
1.031089
-0.451325
-0.461023
1.178218
-0.678655
-0.539081
1.377719
-0.853992
-0.631655
1.614320
-0.963903
-0.731658
1.869904
-0.999967
-0.831431
2.124897
-0.959421
-0.923330
2.359768
-0.845372
-1.000316
2.556524
-0.666558
-1.056491
2.700094
-0.436677
-1.087553
2.779479
-0.173341
-1.816987
2.386927
0.000000
-1.793785
2.356446
0.274125
-1.725955
2.267340
0.527250
-1.618695
2.126434
0.739980
-1.480220
1.944522
0.896019
-1.321139
1.735540
0.983412
-1.153638
1.515495
0.995464
-0.990546
1.301243
0.931251
-0.844354
1.109189
0.795693
-0.726255
0.954037
0.599176
-0.645292
0.847669
0.356754
-0.607690
0.798263
0.087001
-0.616370
0.809668
-0.189418
-0.670655
0.880991
-0.451325
-0.766344
1.006705
-0.678655
-0.896099
1.177167
-0.853992
-1.049985
1.379328
-0.963903
-1.216219
1.597708
-0.999967
-1.382070
1.815583
-0.959421
-1.534833
2.016265
-0.845372
-1.662806
2.184381
-0.666558
-1.756185
2.307052
-0.436677
-1.807818
2.374881
-0.173341
-2.401702
1.797410
0.000000
-2.371033
1.774457
0.274125
-2.281375
1.707358
0.527250
-2.139597
1.601252
0.739980
-1.956560
1.464268
0.896019
-1.746286
1.306900
0.983412
-1.524881
1.141201
0.995464
-1.309305
0.979863
0.931251
-1.116067
0.835240
0.795693
-0.959962
0.718405
0.599176
-0.852945
0.638301
0.356754
-0.803243
0.601091
0.087001
-0.814716
0.609682
-0.189418
-0.886470
0.663396
-0.451325
-1.012953
0.758066
-0.678655
-1.184464
0.886430
-0.853992
-1.387873
1.038663
-0.963903
-1.607602
1.203109
-0.999967
-1.826825
1.367175
-0.959421
-2.028748
1.518293
-0.845372
-2.197903
1.644888
-0.666558
-2.321333
1.737262
-0.436677
-2.389582
1.788339
-0.173341
-2.802417
1.070191
0.000000
-2.766630
1.056525
0.274125
-2.662014
1.016573
0.527250
-2.496580
0.953397
0.739980
-2.283004
0.871836
0.896019
-2.037645
0.778137
0.983412
-1.779300
0.679478
0.995464
-1.527755
0.583416
0.931251
-1.302274
0.497305
0.795693
-1.120122
0.427736
0.599176
-0.995249
0.380031
0.356754
-0.937259
0.357850
0.087001
-0.950644
0.362974
-0.189418
-1.034367
0.394978
-0.451325
-1.181954
0.451353
-0.678655
-1.382084
0.527784
-0.853992
-1.619431
0.618426
-0.963903
-1.875823
0.716339
-0.999967
-2.131622
0.814025
-0.959421
-2.367236
0.904002
-0.845372
-2.564614
0.979378
-0.666558
-2.708638
1.034379
-0.436677
-2.788274
1.064790
-0.173341
-2.988433
0.260984
0.000000
-2.950271
0.257651
0.274125
-2.838710
0.247909
0.527250
-2.662296
0.232502
0.739980
inf
-inf
0.000000
inf
-inf
0.000000
inf
-inf
0.000000
inf
-inf
0.000000
inf
-inf
0.000000
inf
-inf
0.000000
inf
-inf
0.000000
inf
-inf
0.000000
inf
-inf
0.000000
inf
-inf
0.000000
inf
-inf
0.000000
inf
-inf
0.000000
inf
-inf
0.000000
inf
-inf
0.000000
inf
-inf
0.000000
inf
-inf
0.000000
inf
-inf
0.000000
inf
-inf
0.000000
inf
-inf
0.000000
inf
inf
0.000000
inf
inf
0.000000
inf
inf
0.000000
inf
inf
0.000000
inf
inf
0.000000
inf
inf
0.000000
inf
inf
0.000000
inf
inf
0.000000
inf
inf
0.000000
inf
inf
0.000000
inf
inf
0.000000
inf
inf
0.000000
inf
inf
0.000000
inf
inf
0.000000
inf
inf
0.000000
inf
inf
0.000000
inf
inf
0.000000
inf
inf
0.000000
inf
inf
0.000000
inf
inf
0.000000
inf
inf
0.000000
inf
inf
0.000000
inf
inf
0.000000
inf
inf
0.000000
inf
inf
0.000000
inf
inf
0.000000
inf
inf
0.000000
inf
inf
0.000000
inf
inf
0.000000
inf
inf
0.000000
inf
inf
0.000000
inf
inf
0.000000
inf
inf
0.000000
inf
inf
0.000000
inf
inf
0.000000
inf
inf
0.000000
inf
inf
0.000000
inf
inf
0.000000
inf
inf
0.000000
inf
inf
0.000000
inf
inf
0.000000
inf
inf
0.000000
inf
inf
0.000000
inf
inf
0.000000
inf
inf
0.000000
inf
inf
0.000000
inf
inf
0.000000
inf
inf
0.000000
inf
inf
0.000000
inf
inf
0.000000
inf
inf
0.000000
inf
inf
0.000000
inf
inf
0.000000
inf
inf
0.000000
inf
inf
0.000000
inf
inf
0.000000
inf
inf
0.000000
inf
inf
0.000000
inf
inf
0.000000
inf
inf
0.000000
inf
inf
0.000000
inf
inf
0.000000
inf
inf
0.000000
inf
inf
0.000000
inf
inf
0.000000
inf
inf
0.000000
inf
inf
0.000000
inf
inf
0.000000
inf
inf
0.000000
inf
inf
0.000000
inf
inf
0.000000
inf
inf
0.000000
inf
inf
0.000000
inf
inf
0.000000
inf
inf
0.000000
inf
inf
0.000000
inf
inf
0.000000
inf
inf
0.000000
inf
inf
0.000000
inf
inf
0.000000
inf
inf
0.000000
inf
inf
0.000000
inf
inf
0.000000
inf
inf
0.000000
inf
inf
0.000000
inf
inf
0.000000
inf
inf
0.000000
inf
inf
0.000000
inf
inf
0.000000
inf
inf
0.000000
inf
inf
0.000000
inf
inf
0.000000
inf
inf
0.000000
inf
inf
0.000000
inf
inf
0.000000
inf
inf
0.000000
inf
inf
0.000000
inf
inf
0.000000
inf
inf
0.000000
inf
inf
0.000000
inf
inf
0.000000
inf
inf
0.000000
inf
inf
0.000000
inf
inf
0.000000
inf
inf
0.000000
inf
inf
0.000000
inf
inf
0.000000
inf
inf
0.000000
inf
inf
0.000000
inf
inf
0.000000
inf
inf
0.000000
inf
inf
0.000000
inf
inf
0.000000
inf
inf
0.000000
inf
inf
0.000000
-inf
inf
0.000000
-inf
inf
0.000000
-inf
inf
0.000000
-inf
inf
0.000000
-inf
inf
0.000000
-inf
inf
0.000000
-inf
inf
0.000000
-inf
inf
0.000000
-inf
inf
0.000000
-inf
inf
0.000000
-inf
inf
0.000000
-inf
inf
0.000000
-inf
inf
0.000000
-inf
inf
0.000000
-inf
inf
0.000000
-inf
inf
0.000000
-inf
inf
0.000000
-inf
inf
0.000000
-inf
inf
0.000000
-inf
inf
0.000000
-inf
inf
0.000000
-inf
inf
0.000000
-inf
inf
0.000000
-inf
inf
0.000000
-inf
inf
0.000000
-inf
inf
0.000000
-inf
inf
0.000000
-inf
inf
0.000000
-inf
inf
0.000000
-inf
inf
0.000000
-inf
inf
0.000000
-inf
inf
0.000000
-inf
inf
0.000000
-inf
inf
0.000000
-inf
inf
0.000000
-inf
inf
0.000000
-inf
inf
0.000000
-inf
inf
0.000000
-inf
inf
0.000000
-inf
inf
0.000000
-inf
inf
0.000000
-inf
inf
0.000000
-inf
inf
0.000000
-inf
inf
0.000000
-inf
inf
0.000000
-inf
inf
0.000000
-inf
inf
0.000000
-inf
inf
0.000000
-inf
inf
0.000000
-inf
inf
0.000000
-inf
inf
0.000000
-inf
inf
0.000000
-inf
inf
0.000000
-inf
inf
0.000000
-inf
inf
0.000000
-inf
inf
0.000000
-inf
inf
0.000000
-inf
inf
0.000000
-inf
inf
0.000000
-inf
inf
0.000000
-inf
inf
0.000000
-inf
inf
0.000000
-inf
inf
0.000000
-inf
inf
0.000000
-inf
inf
0.000000
-inf
inf
0.000000
-inf
inf
0.000000
-inf
inf
0.000000
-inf
inf
0.000000
-inf
inf
0.000000
-inf
inf
0.000000
-inf
inf
0.000000
-inf
inf
0.000000
-inf
inf
0.000000
-inf
inf
0.000000
-inf
inf
0.000000
-inf
inf
0.000000
-inf
inf
0.000000
-inf
inf
0.000000
-inf
inf
0.000000
-inf
inf
0.000000
-inf
inf
0.000000
-inf
inf
0.000000
-inf
inf
0.000000
-inf
inf
0.000000
-inf
inf
0.000000
-inf
inf
0.000000
-inf
inf
0.000000
-inf
inf
0.000000
-inf
inf
0.000000
-inf
inf
0.000000
-inf
inf
0.000000
-inf
inf
0.000000
-inf
inf
0.000000
-inf
inf
0.000000
-inf
inf
0.000000
-inf
inf
0.000000
-inf
inf
0.000000
-inf
inf
0.000000
-inf
inf
0.000000
-inf
inf
0.000000
-inf
inf
0.000000
-inf
inf
0.000000
-inf
inf
0.000000
-inf
inf
0.000000
-inf
inf
0.000000
-inf
inf
0.000000
-inf
inf
0.000000
-inf
inf
0.000000
-inf
inf
0.000000
-inf
inf
0.000000
-inf
inf
0.000000
-inf
inf
0.000000
-inf
inf
0.000000
-inf
inf
0.000000
-inf
inf
0.000000
-inf
inf
0.000000
-inf
inf
0.000000
-inf
inf
0.000000
-inf
inf
0.000000
-inf
inf
0.000000
-inf
inf
0.000000
