Tiempo en segundos: 8.614585
-0.251976
0.708487
0.000000
0.090480
1.585469
0.000000
-2.720636
1.397423
0.739980
-1.738366
1.097017
0.896019
0.480370
0.660241
0.983412
1.669604
0.412622
0.995464
0.269912
0.547577
0.931251
-1.581915
1.144119
0.795693
0.828435
0.267645
0.599176
-0.622493
1.974190
0.356754
-0.655436
1.043337
0.087001
0.184970
0.477734
-0.189418
-0.836254
1.587024
-0.451325
0.569995
0.491007
-0.678655
-1.564922
1.092407
-0.853992
1.081187
0.426556
-0.963903
1.485044
0.445181
-0.999967
-0.466383
0.849403
-0.959421
-2.220205
1.203651
-0.845372
-2.877610
1.498944
-0.666558
-3.023672
1.947751
-0.436677
-2.428129
3.086083
-0.173341
-0.464087
3.999216
0.000000
-3.194010
1.779287
0.274125
-3.144370
0.991448
0.527250
-2.745411
0.731155
0.739980
-1.742658
0.699501
0.896019
0.527989
0.856676
0.983412
1.699741
0.925577
0.995464
0.104576
0.684735
0.931251
-1.625811
0.807042
0.795693
0.895580
0.546646
0.599176
-0.752893
1.963214
0.356754
-0.578779
0.123733
0.087001
-0.140186
-0.382931
-0.189418
-1.021553
1.434133
-0.451325
0.688575
0.692724
-0.678655
-1.626059
0.739456
-0.853992
1.003657
0.797487
-0.963903
1.521441
0.897801
-0.999967
-0.430091
0.794409
-0.959421
-2.213408
0.682274
-0.845372
-2.921231
0.788388
-0.666558
-3.207022
1.176517
-0.436677
-2.940841
2.456502
-0.173341
-1.596674
3.827392
0.000000
-3.301292
0.826820
0.274125
-3.024779
0.170143
0.527250
-2.562410
0.059476
0.739980
-1.581863
0.318301
0.896019
0.536747
1.084707
0.983412
1.583815
1.444127
0.995464
-0.130101
0.715308
0.931251
-1.534852
0.453259
0.795693
0.820888
0.877956
0.599176
-0.990674
1.817328
0.356754
-0.954942
1.047333
0.087001
0.032146
1.307076
-0.189418
-1.239407
1.180735
-0.451325
0.753855
0.970604
-0.678655
-1.590721
0.328270
-0.853992
0.820233
1.124397
-0.963903
1.436919
1.382713
-0.999967
-0.344662
0.768562
-0.959421
-2.030813
0.171087
-0.845372
-2.748239
0.059351
-0.666558
-3.137223
0.306375
-0.436677
-3.293462
1.449444
-0.173341
-2.381018
2.925279
0.000000
-3.006464
-0.250016
0.274125
-2.614555
-0.643785
0.527250
-2.165688
-0.557918
0.739980
-1.266219
0.033885
0.896019
0.474798
1.340296
0.983412
1.307164
1.944958
0.995464
-0.330098
0.617559
0.931251
-1.311570
0.118129
0.795693
0.564032
1.134556
0.599176
-1.242238
1.515014
0.356754
-0.542360
-0.324491
0.087001
0.064937
1.598464
-0.189418
-1.347291
0.776007
-0.451325
0.719586
1.311692
-0.678655
-1.411098
-0.097590
-0.853992
0.570711
1.387627
-0.963903
1.196597
1.855576
-0.999967
-0.242366
0.802358
-0.959421
-1.692128
-0.275304
-0.845372
-2.339640
-0.615531
-0.666558
-2.741942
-0.567709
-0.436677
-3.179164
0.228400
-0.173341
-1.771345
1.609895
0.000000
-2.263809
-1.165143
0.274125
-1.950841
-1.284415
0.527250
-1.596177
-1.013536
0.739980
-0.899814
-0.120946
0.896019
0.319129
1.593217
0.983412
0.876565
2.351664
0.995464
-0.406034
0.447505
0.931251
-0.944387
-0.119105
0.795693
0.170304
1.180267
0.599176
-1.299710
0.993190
0.356754
-0.659669
0.287117
0.087001
-0.159243
1.321052
-0.189418
-1.202325
0.320256
-0.451325
0.536752
1.669285
-0.678655
-1.066294
-0.455352
-0.853992
0.281418
1.562386
-0.963903
0.803854
2.256741
-0.999967
-0.161602
0.913873
-0.959421
-1.230245
-0.587646
-0.845372
-1.732072
-1.155835
-0.666558
-2.045907
-1.284936
-0.436677
-2.443835
-0.915633
-0.173341
-0.264793
0.516203
0.000000
-1.338572
-1.707027
0.274125
-1.144834
-1.687726
0.527250
-0.914070
-1.251150
0.739980
-0.538386
-0.160636
0.896019
0.068998
1.828368
0.983412
0.325277
2.603758
0.995464
-0.346460
0.291097
0.931251
-0.522495
-0.155564
0.795693
-0.164742
0.934781
0.599176
-0.770370
0.590376
0.356754
0.100747
0.909652
0.087001
0.054792
0.327077
-0.189418
-0.771768
0.066917
-0.451325
0.174089
1.945576
-0.678655
-0.598249
-0.666453
-0.853992
-0.015246
1.676788
-0.963903
0.283268
2.525585
-0.999967
-0.148875
1.110655
-0.959421
-0.713567
-0.731000
-0.845372
-0.996627
-1.475335
-0.666558
-1.211868
-1.737049
-0.436677
-1.376689
-1.566165
-0.173341
2.161032
-1.935762
0.000000
-0.480081
-1.996001
0.274125
-0.262010
-1.797044
0.527250
-0.212756
-1.246261
0.739980
-0.223522
-0.042812
0.896019
-0.283270
2.001647
0.983412
-0.286381
2.668042
0.995464
-0.198788
0.194395
0.931251
-0.176248
-0.028786
0.795693
-0.219322
0.554623
0.599176
0.069268
1.145263
0.356754
-0.345023
-0.114272
0.087001
0.951570
0.450269
-0.189418
-0.271239
0.265940
-0.451325
-0.300842
2.038440
-0.678655
-0.092038
-0.700478
-0.853992
-0.320566
1.722760
-0.963903
-0.311736
2.620178
-0.999967
-0.262358
1.297378
-0.959421
-0.205497
-0.649904
-0.845372
-0.210649
-1.518292
-0.666558
-0.305831
-1.897321
-0.436677
-0.692635
-2.007024
-0.173341
62.904376
-19.489427
0.000000
0.550277
-1.774965
0.274125
0.586987
-1.534819
0.527250
0.409233
-0.979608
0.739980
-0.021811
0.190179
0.896019
-0.716894
2.025857
0.983412
-0.883429
2.524950
0.995464
-0.021708
0.203118
0.931251
0.039611
0.167229
0.795693
-0.030185
0.352939
0.599176
-0.213910
1.722099
0.356754
0.887575
0.465941
0.087001
-0.090034
1.003837
-0.189418
-0.209411
0.809520
-0.451325
-0.754928
1.908726
-0.678655
0.363245
-0.566816
-0.853992
-0.612837
1.669212
-0.963903
-0.911800
2.519244
-0.999967
-0.487048
1.414007
-0.959421
0.198471
-0.387373
-0.845372
0.513805
-1.252903
-0.666558
0.610716
-1.652417
-0.436677
0.427776
-1.841364
-0.173341
-1.017822
4.406963
0.000000
1.415803
-1.102188
0.274125
1.266984
-0.988430
0.527250
0.875686
-0.542481
0.739980
0.019894
0.469071
0.896019
-1.176243
1.891951
0.983412
-1.387900
2.185258
0.995464
0.121624
0.305360
0.931251
0.157028
0.356095
0.795693
0.216895
0.347021
0.599176
-0.746951
1.635953
0.356754
-0.180429
0.744333
0.087001
0.656357
0.238665
-0.189418
-0.570778
1.053500
-0.451325
-1.096200
1.630335
-0.678655
0.730503
-0.306614
-0.853992
-0.843650
1.483187
-0.963903
-1.451983
2.224294
-0.999967
-0.805403
1.446856
-0.959421
0.420177
-0.008353
-0.845372
1.080299
-0.778036
-0.666558
1.364229
-1.080580
-0.436677
1.458196
-1.043337
-0.173341
-5.937578
-1.361733
0.000000
1.991729
-0.370845
0.274125
1.709393
-0.324046
0.527250
1.132929
-0.032862
0.739980
-0.104606
0.698219
0.896019
-1.575348
1.583706
0.983412
-1.743128
1.705068
0.995464
0.238768
0.432514
0.931251
0.208871
0.527885
0.795693
0.407959
0.471514
0.599176
-0.982915
1.368016
0.356754
-0.224101
0.931498
0.087001
0.711761
0.595595
-0.189418
-0.906432
0.916247
-0.451325
-1.288651
1.303744
-0.678655
0.989300
0.038930
-0.853992
-0.966596
1.214848
-0.963903
-1.865202
1.757855
-0.999967
-1.117304
1.303664
-0.959421
0.456041
0.365247
-0.845372
1.420838
-0.182797
-0.666558
1.854299
-0.363621
-0.436677
2.108649
-0.349599
-0.173341
-3.151025
11.809894
0.000000
2.174199
0.659890
0.274125
1.906811
0.431782
0.527250
1.261410
0.473211
0.739980
-0.205212
0.777491
0.896019
-1.805555
1.123403
0.983412
-1.917508
1.142565
0.995464
0.335073
0.580924
0.931251
0.180010
0.684098
0.795693
0.476803
0.654103
0.599176
-1.026581
1.182725
0.356754
-0.423554
-0.343589
0.087001
0.205640
-0.130680
-0.189418
-1.054267
0.636650
-0.451325
-1.370953
0.972926
-0.678655
1.133833
0.448711
-0.853992
-0.956323
0.923145
-0.963903
-2.101414
1.176260
-0.999967
-1.308570
1.012287
-0.959421
0.444561
0.639786
-0.845372
1.588939
0.424513
-0.666558
2.047556
0.470728
-0.436677
2.202389
0.935679
-0.173341
-0.060920
3.490837
0.000000
2.120374
1.579495
0.274125
1.875244
1.162501
0.527250
1.268521
0.962940
0.739980
-0.196818
0.795425
0.896019
-1.827213
0.628526
0.983412
-1.911180
0.589149
0.995464
0.407057
0.755465
0.931251
0.142712
0.808651
0.795693
0.476929
0.841083
0.599176
-0.982156
1.006885
0.356754
-0.465385
1.247093
0.087001
0.179842
0.912829
-0.189418
-1.003394
0.321698
-0.451325
-1.378858
0.634843
-0.678655
1.148795
0.876755
-0.853992
-0.832639
0.684306
-0.963903
-2.142198
0.577069
-0.999967
-1.323991
0.680859
-0.959421
0.491338
0.863291
-0.845372
1.589819
1.027993
-0.666558
2.017351
1.267706
-0.436677
2.123252
1.944961
-0.173341
-1.039149
3.497400
0.000000
1.716414
2.385795
0.274125
1.718353
1.844353
0.527250
1.178476
1.434158
0.739980
-0.136402
0.843702
0.896019
-1.678141
0.190098
0.983412
-1.781824
0.084060
0.995464
0.420551
0.955463
0.931251
0.073795
0.918610
0.795693
0.368415
1.018053
0.599176
-0.878699
0.600165
0.356754
-0.368107
0.784267
0.087001
0.018594
-0.226237
-0.189418
-0.715586
-0.023821
-0.451325
-1.284239
0.285759
-0.678655
1.036673
1.274209
-0.853992
-0.678580
0.531514
-0.963903
-2.020156
0.025229
-0.999967
-1.201988
0.395401
-0.959421
0.507771
1.111264
-0.845372
1.486568
1.594474
-0.666558
1.817334
2.001083
-0.436677
1.402907
2.737732
-0.173341
-1.767485
3.046255
0.000000
1.097551
2.968827
0.274125
1.380059
2.436613
0.527250
1.032581
1.898338
0.739980
-0.064516
0.960230
0.896019
-1.406243
-0.145931
0.983412
-1.576181
-0.371683
0.995464
0.339194
1.137026
0.931251
0.026690
1.030606
0.795693
0.220788
1.156422
0.599176
-0.240609
0.488747
0.356754
-0.397866
0.536554
0.087001
0.609572
1.045573
-0.189418
-0.313427
-0.181539
-0.451325
-1.074573
-0.038780
-0.678655
0.844742
1.638171
-0.853992
-0.556981
0.420853
-0.963903
-1.746016
-0.443002
-0.999967
-0.992818
0.200614
-0.959421
0.507149
1.414538
-0.845372
1.254057
2.128383
-0.666558
1.364243
2.622792
-0.436677
0.622787
3.228589
-0.173341
-2.253123
2.500658
0.000000
0.492687
3.366690
0.274125
0.906657
2.925237
0.527250
0.769304
2.322141
0.739980
0.018321
1.195974
0.896019
-1.077680
-0.355791
0.983412
-1.283951
-0.741327
0.995464
0.191999
1.254652
0.931251
-0.007046
1.186347
0.795693
0.048510
1.213870
0.599176
-0.248548
0.940387
0.356754
0.549108
0.638559
0.087001
-0.014656
1.521376
-0.189418
-0.065510
-0.084077
-0.451325
-0.784390
-0.288971
-0.678655
0.553389
1.922091
-0.853992
-0.484934
0.284237
-0.963903
-1.370987
-0.784039
-0.999967
-0.737317
0.132460
-0.959421
0.410437
1.745758
-0.845372
0.866090
2.584117
-0.666558
0.820053
3.099867
-0.436677
-0.022299
3.498308
-0.173341
-1.133551
1.196392
0.000000
-0.037439
3.606823
0.274125
0.397891
3.287731
0.527250
0.383765
2.659931
0.739980
-0.000511
1.486690
0.896019
-0.731576
-0.438755
0.983412
-0.920375
-1.000503
0.995464
0.015975
1.275315
0.931251
-0.084721
1.362972
0.795693
-0.110934
1.141565
0.599176
-0.479522
0.893603
0.356754
0.580565
1.239007
0.087001
0.072541
1.499334
-0.189418
0.004456
0.139989
-0.451325
-0.482736
-0.440839
-0.678655
0.234666
2.107249
-0.853992
-0.432865
0.063009
-0.963903
-0.947639
-0.986275
-0.999967
-0.501891
0.186664
-0.959421
0.209551
2.046585
-0.845372
0.420647
2.934366
-0.666558
0.300808
3.423177
-0.436677
-0.528400
3.625924
-0.173341
0.027177
0.630820
0.000000
-0.535024
3.697924
0.274125
-0.129361
3.502169
0.527250
-0.053698
2.918747
0.739980
-0.147078
1.725732
0.896019
-0.412809
-0.389365
0.983412
-0.507812
-1.137172
0.995464
-0.141425
1.187166
0.931251
-0.216882
1.533412
0.795693
-0.200209
0.943812
0.599176
-0.461058
0.786127
0.356754
0.257839
1.564231
0.087001
-0.870186
1.472071
-0.189418
-0.121527
0.495529
-0.451325
-0.210773
-0.509652
-0.678655
-0.088968
2.201924
-0.853992
-0.312618
-0.200425
-0.963903
-0.503670
-1.073196
-0.999967
-0.324827
0.367733
-0.959421
-0.075121
2.282740
-0.845372
-0.055295
3.186373
-0.666558
-0.217858
3.601924
-0.436677
-0.946655
3.644203
-0.173341
-0.148728
-0.945518
0.000000
-1.037160
3.653238
0.274125
-0.680333
3.554496
0.527250
-0.532494
3.052655
0.739980
-0.370411
1.894519
0.896019
-0.160170
-0.255361
0.983412
-0.087508
-1.158871
0.995464
-0.230877
0.958916
0.931251
-0.383150
1.664272
0.795693
-0.193900
0.651386
0.599176
-0.121829
0.797150
0.356754
-0.873755
0.852751
0.087001
-0.258148
0.602532
-0.189418
-0.387535
0.985638
-0.451325
0.018982
-0.496765
-0.678655
-0.405714
2.215638
-0.853992
-0.114142
-0.426872
-0.963903
-0.079268
-1.053464
-0.999967
-0.246078
0.599007
-0.959421
-0.425838
2.430002
-0.845372
-0.565693
3.295832
-0.666558
-0.751145
3.627998
-0.436677
-1.370367
3.539323
-0.173341
-20.282694
30.048518
0.000000
-1.454323
3.493998
0.274125
-1.189206
3.482384
0.527250
-1.009977
3.043493
0.739980
-0.642038
1.992349
0.896019
0.018499
-0.070211
0.983412
0.322501
-1.083242
0.995464
-0.203364
0.658875
0.931251
-0.573076
1.759482
0.795693
-0.090920
0.351077
0.599176
0.694533
0.583465
0.356754
-1.012960
0.690169
0.087001
-0.443644
1.384945
-0.189418
-0.631466
1.475645
-0.451325
0.212545
-0.403853
-0.678655
-0.697444
2.161032
-0.853992
0.148949
-0.567852
-0.963903
0.300235
-0.941543
-0.999967
-0.255836
0.802340
-0.959421
-0.806877
2.483928
-0.845372
-1.076907
3.249067
-0.666558
-1.256020
3.524778
-0.436677
-1.708900
3.318254
-0.173341
5.679664
-3.894747
0.000000
-1.756173
3.382327
0.274125
-1.651480
3.314161
0.527250
-1.482519
2.920280
0.739980
-0.936609
1.958985
0.896019
0.144957
0.108579
0.983412
0.718004
-0.911930
0.995464
-0.064219
0.392829
0.931251
-0.798660
1.784045
0.795693
0.081304
0.129480
0.599176
0.663556
0.109019
0.356754
-0.289357
0.354656
0.087001
-0.827309
1.165800
-0.189418
-0.711561
1.845471
-0.451325
0.366915
-0.253235
-0.678655
-0.963605
2.033415
-0.853992
0.446789
-0.571620
-0.963903
0.652269
-0.758932
-0.999967
-0.311061
0.907899
-0.959421
-1.195366
2.402517
-0.845372
-1.561834
3.079868
-0.666558
-1.688955
3.359857
-0.436677
-1.887418
3.248499
-0.173341
1.991721
3.021360
0.000000
-1.890280
3.425411
0.274125
-2.096323
3.057430
0.527250
-1.943639
2.671652
0.739980
-1.248503
1.854568
0.896019
0.233313
0.277087
0.983412
1.073715
-0.653458
0.995464
0.117338
0.266821
0.931251
-1.035993
1.719460
0.795693
0.298225
0.003701
0.599176
-0.010035
0.504010
0.356754
-0.266590
0.277080
0.087001
-0.679075
1.143225
-0.189418
-0.665545
1.907726
-0.451325
0.462632
-0.066665
-0.678655
-1.183956
1.841243
-0.853992
0.725435
-0.418358
-0.963903
0.962590
-0.506974
-0.999967
-0.380861
0.950012
-0.959421
-1.565368
2.220833
-0.845372
-2.011981
2.826818
-0.666558
-2.064359
3.171730
-0.436677
-1.518194
3.692973
-0.173341
1.380898
3.383380
0.000000
-2.165233
3.245683
0.274125
-2.504496
2.689405
0.527250
-2.331706
2.290328
0.739980
-1.484714
1.626829
0.896019
0.304504
0.429703
0.983412
1.373603
-0.311769
0.995464
0.268325
0.294238
0.931251
-1.278010
1.577470
0.795693
0.526261
0.004936
0.599176
-0.411497
1.318524
0.356754
-0.692308
0.143803
0.087001
-0.152075
0.306229
-0.189418
-0.673080
1.801592
-0.451325
0.512299
0.139487
-0.678655
-1.357520
1.592578
-0.853992
0.944495
-0.161227
-0.963903
1.205318
-0.195792
-0.999967
-0.438839
0.941258
-0.959421
-1.880012
1.925500
-0.845372
-2.411013
2.452510
-0.666558
-2.434948
2.876517
-0.436677
-1.672827
3.610871
-0.173341
0.481914
3.384874
0.000000
-2.587186
2.843242
0.274125
-2.855578
2.164235
0.527250
-2.624947
1.777422
0.739980
-1.685098
1.319523
0.896019
0.394325
0.569373
0.983412
1.591533
0.124329
0.995464
