Tiempo en segundos: 0.755625
-0.251001
0.723667
0.000000
0.071443
1.617416
0.000000
-2.728905
1.429173
0.739980
-1.785139
1.127738
0.896019
0.392447
0.694988
0.983412
1.667363
0.429132
0.995464
0.322793
0.552502
0.931251
-1.583785
1.155535
0.795693
0.841101
0.285803
0.599176
-0.622149
1.998256
0.356754
-0.692641
1.040301
0.087001
0.065218
0.573979
-0.189418
-0.842882
1.595408
-0.451325
0.573727
0.510138
-0.678655
-1.549048
1.092924
-0.853992
1.104644
0.441547
-0.963903
1.454898
0.461090
-0.999967
-0.520590
0.881006
-0.959421
-2.247740
1.244876
-0.845372
-2.877619
1.544779
-0.666558
-3.000930
2.010859
-0.436677
-2.365935
3.147577
-0.173341
-0.469223
4.024115
0.000000
-3.159852
1.872032
0.274125
-3.134596
1.054363
0.527250
-2.759457
0.779165
0.739980
-1.768889
0.731680
0.896019
0.464655
0.868554
0.983412
1.699656
0.939437
0.995464
0.166335
0.702466
0.931251
-1.627587
0.829364
0.795693
0.917889
0.569129
0.599176
-0.735707
1.991741
0.356754
-0.482103
0.177724
0.087001
-0.089577
-0.402017
-0.189418
-1.006396
1.447843
-0.451325
0.647542
0.715235
-0.678655
-1.602751
0.743371
-0.853992
1.027367
0.812482
-0.963903
1.504101
0.904457
-0.999967
-0.486501
0.812469
-0.959421
-2.244670
0.727739
-0.845372
-2.929994
0.854983
-0.666558
-3.198871
1.260300
-0.436677
-2.870899
2.572817
-0.173341
-1.517407
3.891100
0.000000
-3.300488
0.915507
0.274125
-3.030351
0.229214
0.527250
-2.577016
0.102949
0.739980
-1.612427
0.342824
0.896019
0.488713
1.083027
0.983412
1.587937
1.458462
0.995464
-0.046449
0.763597
0.931251
-1.557595
0.462907
0.795693
0.825175
0.881175
0.599176
-0.987344
1.837546
0.356754
-1.015493
1.017128
0.087001
0.043697
1.338568
-0.189418
-1.231868
1.193596
-0.451325
0.724811
0.980364
-0.678655
-1.578624
0.350791
-0.853992
0.861461
1.153187
-0.963903
1.423244
1.380849
-0.999967
-0.368209
0.785252
-0.959421
-2.076869
0.199292
-0.845372
-2.775317
0.117812
-0.666558
-3.148148
0.389789
-0.436677
-3.272688
1.582461
-0.173341
-2.643972
3.303462
0.000000
-3.032513
-0.154022
0.274125
-2.641924
-0.575032
0.527250
-2.186926
-0.510201
0.739980
-1.308786
0.041574
0.896019
0.441058
1.328787
0.983412
1.316621
1.956797
0.995464
-0.263633
0.684877
0.931251
-1.336729
0.108750
0.795693
0.574353
1.144166
0.599176
-1.246700
1.538368
0.356754
-0.507565
-0.293061
0.087001
0.114747
1.668955
-0.189418
-1.346128
0.817856
-0.451325
0.695854
1.311002
-0.678655
-1.411669
-0.066097
-0.853992
0.600133
1.410286
-0.963903
1.189062
1.848029
-0.999967
-0.247621
0.825192
-0.959421
-1.717369
-0.241043
-0.845372
-2.381313
-0.583800
-0.666558
-2.775408
-0.494926
-0.436677
-3.210877
0.349628
-0.173341
1.227362
-0.504893
0.000000
-2.299528
-1.094315
0.274125
-1.975190
-1.237453
0.527250
-1.618274
-0.984681
0.739980
-0.935777
-0.134847
0.896019
0.311062
1.593376
0.983412
0.884951
2.370870
0.995464
-0.368875
0.518871
0.931251
-0.966080
-0.114291
0.795693
0.204564
1.234129
0.599176
-1.322556
1.012635
0.356754
-0.720317
0.274270
0.087001
-0.161321
1.390665
-0.189418
-1.219409
0.369380
-0.451325
0.537301
1.664113
-0.678655
-1.075231
-0.429176
-0.853992
0.309917
1.597737
-0.963903
0.809250
2.252808
-0.999967
-0.171353
0.924730
-0.959421
-1.250136
-0.551173
-0.845372
-1.766281
-1.119294
-0.666558
-2.086165
-1.246343
-0.436677
-2.499791
-0.831527
-0.173341
0.690935
-1.240463
0.000000
-1.358367
-1.679499
0.274125
-1.158191
-1.652241
0.527250
-0.930950
-1.240477
0.739980
-0.556490
-0.177429
0.896019
0.065845
1.824377
0.983412
0.333961
2.627122
0.995464
-0.332646
0.363351
0.931251
-0.540708
-0.158265
0.795693
-0.144919
1.007273
0.599176
-0.811439
0.591155
0.356754
0.098128
0.922801
0.087001
0.028803
0.405560
-0.189418
-0.788870
0.072208
-0.451325
0.218983
1.929726
-0.678655
-0.644265
-0.637692
-0.853992
0.044144
1.763077
-0.963903
0.327842
2.508280
-0.999967
-0.169629
1.082207
-0.959421
-0.774967
-0.675732
-0.845372
-1.087376
-1.386000
-0.666558
-1.324118
-1.631073
-0.436677
-1.523729
-1.414925
-0.173341
-13.974697
-31.860726
0.000000
-0.599323
-1.939543
0.274125
-0.340713
-1.734866
0.527250
-0.268581
-1.221879
0.739980
-0.250538
-0.065452
0.896019
-0.266901
1.951306
0.983412
-0.248073
2.695699
0.995464
-0.209365
0.310269
0.931251
-0.200289
-0.067430
0.795693
-0.227213
0.665175
0.599176
0.041330
1.094987
0.356754
-0.334942
0.017448
0.087001
0.920033
0.404221
-0.189418
-0.299199
0.252081
-0.451325
-0.261178
2.050576
-0.678655
-0.127190
-0.692371
-0.853992
-0.300277
1.848688
-0.963903
-0.277571
2.620365
-0.999967
-0.261064
1.249168
-0.959421
-0.242152
-0.633826
-0.845372
-0.271342
-1.461111
-0.666558
-0.387105
-1.833514
-0.436677
-0.829609
-1.950444
-0.173341
21.630211
-38.378875
0.000000
0.535924
-1.722184
0.274125
0.579407
-1.495572
0.527250
0.410241
-0.972758
0.739980
-0.008088
0.161126
0.896019
-0.691187
1.981628
0.983412
-0.882280
2.558723
0.995464
-0.077354
0.345250
0.931251
0.060805
0.114036
0.795693
-0.070821
0.434407
0.599176
-0.205687
1.716109
0.356754
0.911718
0.487605
0.087001
-0.051043
1.071750
-0.189418
-0.195989
0.795242
-0.451325
-0.747235
1.941354
-0.678655
0.360294
-0.567331
-0.853992
-0.654196
1.803835
-0.963903
-0.899613
2.525221
-0.999967
-0.465822
1.376216
-0.959421
0.197330
-0.380737
-0.845372
0.503039
-1.215081
-0.666558
0.596081
-1.595136
-0.436677
0.414978
-1.792995
-0.173341
3.229936
2.765189
0.000000
1.482395
-1.014974
0.274125
1.311672
-0.935319
0.527250
0.910655
-0.516360
0.739980
0.069983
0.444378
0.896019
-1.138116
1.844131
0.983412
-1.423886
2.211542
0.995464
0.022339
0.434900
0.931251
0.221101
0.312079
0.795693
0.158501
0.413277
0.599176
-0.760958
1.644195
0.356754
-0.399092
0.438117
0.087001
0.676236
0.313933
-0.189418
-0.559530
1.060165
-0.451325
-1.118539
1.658706
-0.678655
0.760201
-0.297204
-0.853992
-0.951349
1.605788
-0.963903
-1.463559
2.219588
-0.999967
-0.751185
1.390637
-0.959421
0.461019
-0.004589
-0.845372
1.104070
-0.721875
-0.666558
1.392192
-0.995457
-0.436677
1.536067
-0.945999
-0.173341
1.779783
3.009808
0.000000
2.082018
-0.204259
0.274125
1.779381
-0.225000
0.527250
1.214686
0.012944
0.739980
0.023437
0.665125
0.896019
-1.514513
1.526334
0.983412
-1.801175
1.705929
0.995464
0.102628
0.531681
0.931251
0.306657
0.507803
0.795693
0.319110
0.531054
0.599176
-1.008408
1.358763
0.356754
-0.320728
0.901362
0.087001
0.699230
0.775523
-0.189418
-0.902372
0.909172
-0.451325
-1.337551
1.306277
-0.678655
1.036925
0.073448
-0.853992
-1.115964
1.291462
-0.963903
-1.889079
1.734823
-0.999967
-1.027073
1.249413
-0.959421
0.563214
0.364858
-0.845372
1.485249
-0.116281
-0.666558
1.903002
-0.239627
-0.436677
2.206301
-0.095748
-0.173341
1.566349
4.280301
0.000000
2.228488
0.867046
0.274125
1.964376
0.559721
0.527250
1.354718
0.550259
0.739980
-0.041478
0.783858
0.896019
-1.729410
1.082798
0.983412
-1.975782
1.124259
0.995464
0.189027
0.633892
0.931251
0.322417
0.695335
0.795693
0.387191
0.690566
0.599176
-1.061875
1.144935
0.356754
-0.236050
-0.388355
0.087001
0.287504
-0.081965
-0.189418
-1.026971
0.600657
-0.451325
-1.428702
0.954115
-0.678655
1.175025
0.495292
-0.853992
-1.116494
0.949848
-0.963903
-2.118562
1.144834
-0.999967
-1.193744
0.986614
-0.959421
0.593261
0.670395
-0.845372
1.651940
0.526916
-0.666558
2.090266
0.625617
-0.436677
2.303566
1.197701
-0.173341
-0.288339
3.456069
0.000000
2.118138
1.811465
0.274125
1.918078
1.314527
0.527250
1.350831
1.071585
0.739980
-2.434749
0.212631
0.896019
-2.173115
0.189782
0.983412
-1.897637
0.165724
0.995464
-1.629420
0.142300
0.931251
-1.389013
0.121305
0.795693
-1.194835
0.104347
0.599176
-1.061760
0.092725
0.356754
-0.999986
0.087330
0.087001
-1.014243
0.088576
-0.189418
-1.103441
0.096365
-0.451325
-1.260744
0.110103
-0.678655
-1.474103
0.128736
-0.853992
-1.727171
0.150837
-0.963903
-2.000560
0.174712
-0.999967
-2.273325
0.198533
-0.959421
-2.524569
0.220475
-0.845372
-2.735043
0.238856
-0.666558
-2.888624
0.252268
-0.436677
-2.973544
0.259684
-0.173341
-2.945690
-0.568254
0.000000
-2.908077
-0.560999
0.274125
-2.798121
-0.539787
0.527250
-2.624245
-0.506244
0.739980
-2.399771
-0.462941
0.896019
-2.141895
-0.413194
0.983412
-1.870375
-0.360815
0.995464
-1.606011
-0.309816
0.931251
-1.369058
-0.264106
0.795693
-1.177669
-0.227185
0.599176
-1.046507
-0.201882
0.356754
-0.985620
-0.190136
0.087001
-0.999672
-0.192847
-0.189418
-1.087588
-0.209807
-0.451325
-1.242632
-0.239717
-0.678655
-1.452926
-0.280285
-0.853992
-1.702358
-0.328403
-0.963903
-1.971819
-0.380385
-0.999967
-2.240665
-0.432248
-0.959421
-2.488300
-0.480019
-0.845372
-2.695751
-0.520039
-0.666558
-2.847125
-0.549240
-0.436677
-2.930825
-0.565387
-0.173341
-2.677079
-1.353975
0.000000
-2.642896
-1.336687
0.274125
-2.542966
-1.286146
0.527250
-2.384946
-1.206225
0.739980
-2.180941
-1.103046
0.896019
-1.946581
-0.984514
0.983412
-1.699820
-0.859711
0.995464
-1.459563
-0.738197
0.931251
-1.244217
-0.629283
0.795693
-1.070280
-0.541311
0.599176
-0.951078
-0.481023
0.356754
-0.895743
-0.453036
0.087001
-0.908514
-0.459496
-0.189418
-0.988414
-0.499906
-0.451325
-1.129319
-0.571171
-0.678655
-1.320437
-0.667832
-0.853992
-1.547124
-0.782482
-0.963903
-1.792013
-0.906339
-0.999967
-2.036344
-1.029914
-0.959421
-2.261398
-1.143738
-0.845372
-2.449932
-1.239092
-0.666558
-2.587502
-1.308671
-0.436677
-2.663570
-1.347143
-0.173341
-2.203371
-2.035965
0.000000
-2.175237
-2.009969
0.274125
-2.092990
-1.933971
0.527250
-1.962931
-1.813793
0.739980
-1.795025
-1.658644
0.896019
-1.602134
-1.480409
0.983412
-1.399038
-1.292742
0.995464
-1.201294
-1.110023
0.931251
-1.024054
-0.946249
0.795693
-0.880895
-0.813967
0.599176
-0.782786
-0.723312
0.356754
-0.737242
-0.681228
0.087001
-0.747753
-0.690941
-0.189418
-0.813514
-0.751706
-0.451325
-0.929487
-0.858867
-0.678655
-1.086786
-1.004215
-0.853992
-1.273361
-1.176615
-0.963903
-1.474918
-1.362858
-0.999967
-1.676014
-1.548675
-0.959421
-1.861245
-1.719832
-0.845372
-2.016418
-1.863216
-0.666558
-2.129645
-1.967841
-0.436677
-2.192253
-2.025692
-0.173341
-1.560859
-2.561976
0.000000
-1.540929
-2.529263
0.274125
-1.482665
-2.433630
0.527250
-1.390532
-2.282403
0.739980
-1.271588
-2.087170
0.896019
-1.134945
-1.862886
0.983412
-0.991072
-1.626734
0.995464
-0.850992
-1.396808
0.931251
-0.725435
-1.190721
0.795693
-0.624022
-1.024263
0.599176
-0.554522
-0.910186
0.356754
-0.522259
-0.857230
0.087001
-0.529705
-0.869452
-0.189418
-0.576290
-0.945916
-0.451325
-0.658445
-1.080763
-0.678655
-0.769875
-1.263663
-0.853992
-0.902044
-1.480604
-0.963903
-1.044826
-1.714964
-0.999967
-1.187282
-1.948790
-0.959421
-1.318498
-2.164167
-0.845372
-1.428422
-2.344595
-0.666558
-1.508632
-2.476251
-0.436677
-1.552983
-2.549048
-0.173341
-0.798766
-2.891708
0.000000
-0.788567
-2.854784
0.274125
-0.758751
-2.746843
0.527250
-0.711602
-2.576154
0.739980
-0.650732
-2.355793
0.896019
-0.580806
-2.102643
0.983412
-0.507179
-1.836099
0.995464
-0.435493
-1.576580
0.931251
-0.371240
-1.343969
0.795693
-0.319342
-1.156088
0.599176
-0.283775
-1.027329
0.356754
-0.267265
-0.967557
0.087001
-0.271075
-0.981353
-0.189418
-0.294915
-1.067657
-0.451325
-0.336958
-1.219860
-0.678655
-0.393982
-1.426300
-0.853992
-0.461619
-1.671161
-0.963903
-0.534687
-1.935684
-0.999967
-0.607589
-2.199604
-0.959421
-0.674738
-2.442700
-0.845372
-0.730992
-2.646349
-0.666558
-0.772039
-2.794950
-0.436677
-0.794735
-2.877116
-0.173341
0.024522
-2.999900
0.000000
0.024209
-2.961595
0.274125
0.023294
-2.849615
0.527250
0.021846
-2.672540
0.739980
0.019978
-2.443934
0.896019
0.017831
-2.181313
0.983412
0.015570
-1.904796
0.995464
0.013370
-1.635567
0.931251
0.011397
-1.394254
0.795693
0.009804
-1.199342
0.599176
0.008712
-1.065766
0.356754
0.008205
-1.003758
0.087001
0.008322
-1.018069
-0.189418
0.009054
-1.107603
-0.451325
0.010345
-1.265501
-0.678655
0.012095
-1.479664
-0.853992
0.014172
-1.733687
-0.963903
0.016415
-2.008107
-0.999967
0.018653
-2.281901
-0.959421
0.020714
-2.534093
-0.845372
0.022441
-2.745362
-0.666558
0.023702
-2.899522
-0.436677
0.024398
-2.984762
-0.173341
0.845932
-2.878263
0.000000
0.835130
-2.841512
0.274125
0.803553
-2.734072
0.527250
0.753620
-2.564177
0.739980
0.689157
-2.344840
0.896019
0.615101
-2.092868
0.983412
0.537127
-1.827562
0.995464
0.461208
-1.569250
0.931251
0.393161
-1.337721
0.795693
0.338198
-1.150713
0.599176
0.300532
-1.022553
0.356754
0.283046
-0.963059
0.087001
0.287082
-0.976790
-0.189418
0.312329
-1.062694
-0.451325
0.356854
-1.214189
-0.678655
0.417246
-1.419669
-0.853992
0.488876
-1.663391
-0.963903
0.566259
-1.926685
-0.999967
0.643466
-2.189377
-0.959421
0.714580
-2.431343
-0.845372
0.774155
-2.634046
-0.666558
0.817626
-2.781955
-0.436677
0.841663
-2.863739
-0.173341
1.602533
-2.536117
0.000000
1.582070
-2.503734
0.274125
1.522251
-2.409066
0.527250
1.427658
-2.259367
0.739980
1.305538
-2.066103
0.896019
1.165247
-1.844083
0.983412
1.017533
-1.610315
0.995464
0.873712
-1.382709
0.931251
0.744804
-1.178703
0.795693
0.640683
-1.013925
0.599176
0.569327
-0.900999
0.356754
0.536203
-0.848578
0.087001
0.543848
-0.860677
-0.189418
0.591677
-0.936369
-0.451325
0.676025
-1.069855
-0.678655
0.790430
-1.250909
-0.853992
0.926127
-1.465660
-0.963903
1.072721
-1.697655
-0.999967
1.218981
-1.929120
-0.959421
1.353701
-2.142324
-0.845372
1.466559
-2.320930
-0.666558
1.548911
-2.451257
-0.436677
1.594446
-2.523320
-0.173341
2.236360
-1.999673
0.000000
2.207805
-1.974140
0.274125
2.124326
-1.899497
0.527250
1.992320
-1.781462
0.739980
1.821900
-1.629078
0.896019
1.626121
-1.454020
0.983412
1.419984
-1.269699
0.995464
1.219280
-1.090237
0.931251
1.039386
-0.929382
0.795693
0.894084
-0.799458
0.599176
0.794505
-0.710418
0.356754
0.748280
-0.669085
0.087001
0.758949
-0.678625
-0.189418
0.825694
-0.738306
-0.451325
0.943403
-0.843558
-0.678655
1.103057
-0.986315
-0.853992
1.292426
-1.155641
-0.963903
1.497000
-1.338564
-0.999967
1.701108
-1.521070
-0.959421
1.889111
-1.689176
-0.845372
2.046607
-1.830003
-0.666558
2.161530
-1.932763
-0.436677
2.225075
-1.989583
-0.173341
2.698855
-1.310031
0.000000
2.664394
-1.293303
0.274125
2.563652
-1.244403
0.527250
2.404346
-1.167075
0.739980
2.198682
-1.067245
0.896019
1.962415
-0.952561
0.983412
1.713647
-0.831808
0.995464
1.471436
-0.714238
0.931251
1.254338
-0.608859
0.795693
1.078986
-0.523743
0.599176
0.958815
-0.465411
0.356754
0.903030
-0.438333
0.087001
0.915905
-0.444582
-0.189418
0.996454
-0.483681
-0.451325
1.138506
-0.552633
-0.678655
1.331178
-0.646157
-0.853992
1.559709
-0.757086
-0.963903
1.806590
-0.876923
-0.999967
2.052909
-0.996487
-0.959421
2.279793
-1.106617
-0.845372
2.469860
-1.198876
-0.666558
2.608550
-1.266196
-0.436677
2.685237
-1.303420
-0.173341
2.954585
-0.520024
0.000000
2.916859
-0.513384
0.274125
2.806571
-0.493972
0.527250
2.632170
-0.463277
0.739980
2.407018
-0.423649
0.896019
2.148364
-0.378124
0.983412
1.876023
-0.330191
0.995464
