Tiempo en segundos: 4.933903
-0.250995
0.710625
0.000000
0.093192
1.586090
0.000000
-2.696923
1.412023
0.739980
-1.695770
1.100615
0.896019
0.476541
0.663914
0.983412
1.673622
0.417278
0.995464
0.281641
0.552862
0.931251
-1.568958
1.138903
0.795693
0.825388
0.263473
0.599176
-0.622177
1.978357
0.356754
-0.708271
1.038844
0.087001
0.156095
0.501321
-0.189418
-0.851228
1.582682
-0.451325
0.624757
0.472500
-0.678655
-1.563104
1.083768
-0.853992
1.074800
0.435348
-0.963903
1.498705
0.452689
-0.999967
-0.435862
0.842157
-0.959421
-2.224970
1.201520
-0.845372
-2.867977
1.498662
-0.666557
-3.017724
1.951901
-0.436676
-2.424370
3.093043
-0.173340
-0.628989
4.016126
0.000000
-3.180489
1.804550
0.274125
-3.133926
1.006316
0.527250
-2.728410
0.740425
0.739980
-1.716927
0.703019
0.896019
0.529569
0.860275
0.983412
1.702428
0.939328
0.995464
0.126547
0.695644
0.931251
-1.623250
0.796066
0.795693
0.888457
0.555925
0.599176
-0.744068
1.971026
0.356754
-0.527338
0.141549
0.087001
-0.129860
-0.376098
-0.189418
-1.029047
1.427975
-0.451325
0.675474
0.707418
-0.678655
-1.619592
0.725852
-0.853992
0.995377
0.810013
-0.963903
1.534130
0.913517
-0.999967
-0.408369
0.792541
-0.959421
-2.220071
0.675290
-0.845372
-2.919272
0.791871
-0.666557
-3.195736
1.194537
-0.436676
-2.924797
2.485978
-0.173340
-1.586034
3.842332
0.000000
-3.298436
0.811433
0.274125
-3.014331
0.149735
0.527250
-2.545356
0.045944
0.739980
-1.557288
0.319111
0.896019
0.539590
1.090067
0.983412
1.582163
1.466740
0.995464
-0.119516
0.725690
0.931251
-1.540260
0.437143
0.795693
0.814436
0.880655
0.599176
-0.981007
1.825625
0.356754
-0.976182
1.044175
0.087001
0.040394
1.314409
-0.189418
-1.237499
1.185629
-0.451325
0.747393
0.978990
-0.678655
-1.583290
0.321030
-0.853992
0.806923
1.123762
-0.963903
1.449939
1.389582
-0.999967
-0.312421
0.780845
-0.959421
-2.031965
0.165779
-0.845372
-2.752338
0.047589
-0.666557
-3.127649
0.291590
-0.436676
-3.291884
1.456820
-0.173340
-2.599052
3.061691
0.000000
-2.989106
-0.293514
0.274125
-2.598240
-0.662832
0.527250
-2.144608
-0.552912
0.739980
-1.268976
0.023794
0.896019
0.485349
1.351722
0.983412
1.303237
1.957512
0.995464
-0.309261
0.637433
0.931251
-1.313126
0.101552
0.795693
0.571284
1.151400
0.599176
-1.254904
1.497313
0.356754
-0.538458
-0.304197
0.087001
0.102207
1.620743
-0.189418
-1.345449
0.797254
-0.451325
0.724755
1.316156
-0.678655
-1.410519
-0.093617
-0.853992
0.563291
1.374271
-0.963903
1.211413
1.861241
-0.999967
-0.200088
0.835893
-0.959421
-1.680686
-0.269111
-0.845372
-2.340832
-0.634466
-0.666557
-2.731836
-0.588484
-0.436676
-3.167667
0.178025
-0.173340
7.763249
5.856822
0.000000
-2.255066
-1.155668
0.274125
-1.946920
-1.275385
0.527250
-1.582843
-0.995253
0.739980
-0.909690
-0.139697
0.896019
0.340254
1.622421
0.983412
0.880930
2.353727
0.995464
-0.398595
0.458233
0.931251
-0.938622
-0.111538
0.795693
0.186363
1.206075
0.599176
-1.307766
0.973767
0.356754
-0.706510
0.276531
0.087001
-0.151445
1.340802
-0.189418
-1.203054
0.336589
-0.451325
0.544629
1.670199
-0.678655
-1.070797
-0.447351
-0.853992
0.283231
1.552433
-0.963903
0.814604
2.262407
-0.999967
-0.124203
0.969506
-0.959421
-1.221640
-0.560992
-0.845372
-1.730985
-1.141059
-0.666557
-2.046041
-1.282809
-0.436676
-2.421134
-0.922597
-0.173340
1.355362
5.726356
0.000000
-1.351473
-1.694007
0.274125
-1.154280
-1.661906
0.527250
-0.927343
-1.233504
0.739980
-0.543986
-0.139175
0.896019
0.083775
1.856302
0.983412
0.338953
2.607070
0.995464
-0.350496
0.271939
0.931251
-0.528485
-0.130185
0.795693
-0.152117
0.968449
0.599176
-0.754781
0.600736
0.356754
0.107642
0.923782
0.087001
0.049118
0.337780
-0.189418
-0.770866
0.067396
-0.451325
-0.355222
0.708266
-0.678655
-0.643047
-0.613147
-0.853992
-0.040690
1.502269
-0.963903
0.258858
2.423977
-0.999967
-0.202644
0.943538
-0.959421
-0.724589
-0.693094
-0.845372
-1.063354
-1.599075
-0.666557
-1.230777
-1.704434
-0.436676
-1.402766
-1.552524
-0.173340
7.764644
8.246392
0.000000
-0.516581
-2.023473
0.274125
-0.289507
-1.768985
0.527250
-0.227404
-1.280140
0.739980
-0.230904
-0.026410
0.896019
-0.278867
2.004046
0.983412
-0.275161
2.629064
0.995464
-0.197899
0.186475
0.931251
-0.192545
0.003170
0.795693
-0.210650
0.506750
0.599176
0.140581
1.222141
0.356754
-0.412515
-0.362615
0.087001
0.966855
0.508876
-0.189418
-0.270228
0.278779
-0.451325
-0.282456
2.041878
-0.678655
-0.109248
-0.700748
-0.853992
-0.296344
1.619038
-0.963903
-0.293390
2.576122
-0.999967
-0.263130
1.431085
-0.959421
-0.222336
-0.629776
-0.845372
-0.234078
-1.770211
-0.666557
-0.340824
-1.868594
-0.436676
-0.726428
-1.996427
-0.173340
47.332489
-10.223413
0.000000
0.553829
-1.737942
0.274125
0.593938
-1.503704
0.527250
0.423595
-0.985489
0.739980
-0.025650
0.210304
0.896019
-0.717489
2.031276
0.983412
-0.878719
2.527455
0.995464
-0.023838
0.214261
0.931251
0.014251
0.220193
0.795693
-0.106559
0.484392
0.599176
-0.240344
1.717471
0.356754
0.738162
0.484611
0.087001
-0.074956
1.013060
-0.189418
-0.261280
0.935716
-0.451325
-0.744538
1.913409
-0.678655
0.352089
-0.548435
-0.853992
-0.644810
1.769675
-0.963903
-0.902177
2.526342
-0.999967
-0.502099
1.462081
-0.959421
0.187948
-0.371244
-0.845372
0.506008
-1.234018
-0.666557
0.608948
-1.630576
-0.436676
0.437634
-1.832788
-0.173340
3.639802
2.248911
0.000000
1.472199
-1.089860
0.274125
1.304713
-0.988336
0.527250
0.902126
-0.549280
0.739980
0.014185
0.484261
0.896019
-1.179544
1.895821
0.983412
-1.369100
2.156773
0.995464
0.014749
0.436136
0.931251
0.130632
0.392219
0.795693
0.157179
0.400683
0.599176
-0.793939
1.615950
0.356754
0.033417
1.075147
0.087001
0.626090
0.174453
-0.189418
-0.690417
1.158917
-0.451325
-1.117262
1.669217
-0.678655
0.746638
-0.305903
-0.853992
-0.925912
1.577541
-0.963903
-1.453679
2.202039
-0.999967
-0.821762
1.464970
-0.959421
0.450806
-0.023035
-0.845372
1.106458
-0.770603
-0.666557
1.393132
-1.054246
-0.436676
1.557756
-0.985427
-0.173340
-11.529871
2.076910
0.000000
2.007514
-0.334664
0.274125
1.723718
-0.298758
0.527250
1.135085
-0.010610
0.739980
-0.092591
0.702007
0.896019
-1.571721
1.566769
0.983412
-1.729718
1.682990
0.995464
0.241186
0.435439
0.931251
0.209164
0.534004
0.795693
0.369724
0.492792
0.599176
-0.981594
1.363156
0.356754
-0.198536
0.952704
0.087001
0.710947
0.621847
-0.189418
-0.914855
0.926270
-0.451325
-1.285471
1.298373
-0.678655
0.998022
0.051916
-0.853992
-0.991118
1.216484
-0.963903
-1.877959
1.739510
-0.999967
-1.115879
1.295428
-0.959421
0.470363
0.375755
-0.845372
1.436523
-0.159661
-0.666557
1.850791
-0.319910
-0.436676
2.128786
-0.294599
-0.173340
2.740768
5.415122
0.000000
2.179524
0.691386
0.274125
1.918770
0.447633
0.527250
1.268640
0.486356
0.739980
-0.166002
0.775824
0.896019
-1.796796
1.112367
0.983412
-1.915691
1.135378
0.995464
0.369963
0.575666
0.931251
0.204115
0.687246
0.795693
0.480576
0.655568
0.599176
-0.989486
1.187787
0.356754
-0.375845
-0.342661
0.087001
0.184445
-0.154546
-0.189418
-1.053605
0.634455
-0.451325
-1.372991
0.963682
-0.678655
1.136532
0.458149
-0.853992
-0.969811
0.919995
-0.963903
-2.103998
1.163405
-0.999967
-1.294225
1.007123
-0.959421
0.464903
0.645711
-0.845372
1.591430
0.449249
-0.666557
2.053807
0.495686
-0.436676
2.214310
0.967644
-0.173340
0.435497
5.367604
0.000000
2.121841
1.613751
0.274125
1.885962
1.189387
0.527250
1.261943
0.977441
0.739980
2.124067
1.042962
0.896019
-1.765471
0.600861
0.983412
-1.963152
0.528116
0.995464
0.359436
0.757105
0.931251
0.005736
0.809741
0.795693
0.483425
0.842407
0.599176
-1.113522
1.027633
0.356754
-0.501882
1.314749
0.087001
0.246955
1.097384
-0.189418
-0.977417
0.286113
-0.451325
-1.434114
0.615663
-0.678655
1.151968
0.896024
-0.853992
-0.952842
0.676965
-0.963903
-2.142192
0.567512
-0.999967
-1.339511
0.677058
-0.959421
0.725744
0.895662
-0.845372
1.543876
1.040202
-0.666557
2.453986
1.435666
-0.436676
2.058991
1.988609
-0.173340
-1.036136
3.535974
0.000000
1.677527
2.405684
0.274125
1.697787
1.844312
0.527250
1.147467
1.424894
0.739980
-0.257319
0.797347
0.896019
-1.657562
0.202229
0.983412
-1.781279
0.075954
0.995464
0.419918
0.957095
0.931251
0.062838
0.917621
0.795693
-0.100714
0.780113
0.599176
-0.894785
0.384894
0.356754
0.218066
-0.315271
0.087001
-0.795013
-0.145567
-0.189418
-0.632164
0.149975
-0.451325
-1.364522
0.247642
-0.678655
1.004931
1.291563
-0.853992
-0.740282
0.497651
-0.963903
-2.005319
0.031015
-0.999967
-1.270282
0.359240
-0.959421
0.640294
1.180737
-0.845372
1.670767
1.696233
-0.666557
1.715407
1.957666
-0.436676
1.705249
3.243392
-0.173340
-1.807839
3.168094
0.000000
1.112580
2.977894
0.274125
1.375926
2.440897
0.527250
1.034189
1.902156
0.739980
-0.083698
0.956419
0.896019
-1.500421
-0.228653
0.983412
-1.587939
-0.347927
0.995464
0.456255
1.234447
0.931251
-0.045824
0.966549
0.795693
0.003832
0.924932
0.599176
-0.261549
0.437937
0.356754
-0.118640
0.781118
0.087001
0.638918
1.038322
-0.189418
-0.191140
-0.164057
-0.451325
-1.025721
-0.007309
-0.678655
0.825026
1.652559
-0.853992
-0.560075
0.412343
-0.963903
-1.741765
-0.440959
-0.999967
-0.985316
0.207769
-0.959421
0.493599
1.408411
-0.845372
1.246597
2.125369
-0.666557
1.567775
2.896469
-0.436676
0.765760
3.592232
-0.173340
-2.450911
2.866036
0.000000
0.550826
3.417828
0.274125
1.007949
3.070610
0.527250
0.681113
2.186381
0.739980
0.174461
1.399209
0.896019
-1.086724
-0.358670
0.983412
-1.300392
-0.744639
0.995464
0.162350
1.220479
0.931251
-0.026452
1.157346
0.795693
0.089196
1.315778
0.599176
0.275630
-0.157518
0.356754
0.351380
0.999256
0.087001
-0.031864
1.496161
-0.189418
-0.003764
-0.126838
-0.451325
-0.793829
-0.293422
-0.678655
0.538394
1.900111
-0.853992
-0.491274
0.272400
-0.963903
-1.375650
-0.771807
-0.999967
-0.816719
0.006501
-0.959421
0.498772
1.819754
-0.845372
0.921108
2.649313
-0.666557
0.993748
3.408071
-0.436676
0.127445
3.986388
-0.173340
-1.549542
1.365994
0.000000
0.128921
4.002507
0.274125
0.422596
3.278565
0.527250
0.410109
2.680736
0.739980
-0.007948
1.453330
0.896019
-0.710045
-0.357197
0.983412
-0.928312
-1.009294
0.995464
0.022866
1.292970
0.931251
-0.052815
1.455621
0.795693
-0.114448
1.117874
0.599176
-0.512039
0.900046
0.356754
0.727009
1.188394
0.087001
0.135104
1.593962
-0.189418
-0.059364
0.304169
-0.451325
-0.484274
-0.399606
-0.678655
0.263246
2.151559
-0.853992
-0.484956
-0.069093
-0.963903
-0.941614
-0.986128
-0.999967
-0.467841
0.275700
-0.959421
0.191450
2.058331
-0.845372
0.410263
2.853656
-0.666557
0.298736
3.581269
-0.436676
-0.400678
3.919298
-0.173340
-1.246504
-0.343009
0.000000
-0.524975
4.044412
0.274125
-0.120036
3.615924
0.527250
-0.008451
3.175525
0.739980
-0.154437
1.588923
0.896019
-0.401684
-0.339945
0.983412
-0.519364
-1.141139
0.995464
-0.168991
0.948106
0.931251
-0.194844
1.724240
0.795693
-0.196445
0.825412
0.599176
-0.692270
0.690960
0.356754
-0.434860
2.128499
0.087001
-0.981727
1.309346
-0.189418
-0.092946
0.771720
-0.451325
-0.178111
-0.499874
-0.678655
-0.040605
2.201041
-0.853992
-0.475905
-0.869902
-0.963903
-0.427616
-0.838609
-0.999967
-0.282215
0.647340
-0.959421
0.238985
3.551080
-0.845372
-0.202701
1.836295
-0.666557
-0.849886
-3.380138
-0.436676
-0.983360
3.758964
-0.173340
-2.902717
-1.754228
0.000000
-0.619249
2.209155
0.274125
-0.660964
3.748620
0.527250
-0.450741
2.507437
0.739980
-0.359461
1.895275
0.896019
-0.209423
0.231459
0.983412
-0.084903
-1.112113
0.995464
-0.237096
1.020035
0.931251
-0.333766
1.263211
0.795693
-0.040259
-0.042005
0.599176
0.732922
0.089763
0.356754
0.571791
1.000995
0.087001
1.034118
0.847826
-0.189418
-0.671900
1.431306
-0.451325
0.002680
-0.529262
-0.678655
-0.378111
2.132283
-0.853992
-0.155834
0.067803
-0.963903
-0.095817
-1.068465
-0.999967
-0.229286
0.446706
-0.959421
-0.413610
2.397934
-0.845372
-0.529465
3.183725
-0.666557
-0.644724
2.964713
-0.436676
-0.869862
2.303048
-0.173340
-26.156485
22.564466
0.000000
-1.127691
2.695153
0.274125
-1.008735
2.951908
0.527250
-0.989344
3.050112
0.739980
-0.663591
2.108200
0.896019
-0.000300
-0.020178
0.983412
0.316909
-1.047741
0.995464
-0.352737
1.139529
0.931251
-0.650238
1.972907
0.795693
-0.059481
0.327551
0.599176
-0.057633
0.706498
0.356754
0.382369
0.230073
0.087001
0.913940
1.227731
-0.189418
-0.632928
1.756916
-0.451325
0.190260
-0.354908
-0.678655
-0.686677
2.148314
-0.853992
0.032894
-0.178521
-0.963903
0.282825
-0.895589
-0.999967
-0.358660
1.111242
-0.959421
-0.788677
2.456192
-0.845372
-0.895687
2.728813
-0.666557
-1.183897
3.392436
-0.436676
-1.505150
3.131207
-0.173340
-6.761709
10.101997
0.000000
-1.888864
3.558253
0.274125
-1.522867
3.330138
0.527250
-1.362865
2.878069
0.739980
-0.817774
1.938459
0.896019
0.267381
-0.051460
0.983412
0.698486
-0.906700
0.995464
-0.199254
0.648106
0.931251
-0.784224
1.696469
0.795693
0.061223
0.203969
0.599176
-0.461819
1.159908
0.356754
-0.592679
0.905026
0.087001
-0.111809
0.683551
-0.189418
-0.596957
1.832799
-0.451325
0.215167
-0.041410
-0.678655
-0.944016
2.012910
-0.853992
0.403717
-0.504055
-0.963903
0.562904
-0.657935
-0.999967
-0.426271
1.202987
-0.959421
-1.207080
2.492471
-0.845372
-1.503149
3.102685
-0.666557
-1.720896
3.529418
-0.436676
-1.760120
3.169609
-0.173340
2.113750
3.192738
0.000000
-1.771540
3.646296
0.274125
-1.858198
2.851501
0.527250
-1.987356
2.768800
0.739980
-1.449173
2.073231
0.896019
-0.082637
0.631699
0.983412
1.057361
-0.644892
0.995464
-0.204478
0.671443
0.931251
-0.978390
1.783574
0.795693
0.446954
-0.081633
0.599176
-0.697766
2.055774
0.356754
0.339643
-0.131087
0.087001
-0.646398
-0.128037
-0.189418
-0.834400
1.771168
-0.451325
0.471163
-0.164281
-0.678655
-1.216731
1.832794
-0.853992
0.826371
-0.388658
-0.963903
0.883329
-0.521927
-0.999967
-0.875310
1.492341
-0.959421
-1.842344
2.544824
-0.845372
-2.168500
3.012309
-0.666557
-1.953344
2.965986
-0.436676
-1.186373
3.736235
-0.173340
1.317626
3.396025
0.000000
-1.817194
2.848058
0.274125
-2.502264
2.787750
0.527250
-2.494343
2.305503
0.739980
-1.697152
1.810380
0.896019
0.254814
0.470710
0.983412
1.376451
-0.309249
0.995464
0.101155
0.387522
0.931251
-1.126526
1.475367
0.795693
0.801848
-0.150669
0.599176
-0.474948
1.478845
0.356754
-0.891877
0.566250
0.087001
-0.483194
0.582451
-0.189418
-0.732927
1.810346
-0.451325
0.514368
0.145550
-0.678655
-1.348028
1.592805
-0.853992
0.932831
-0.150537
-0.963903
1.186829
-0.191114
-0.999967
-0.705141
1.119863
-0.959421
-1.790348
1.863558
-0.845372
-2.031236
2.157474
-0.666557
-2.403722
2.842504
-0.436676
-1.641696
3.497169
-0.173340
0.626742
3.723746
0.000000
-2.535801
2.879413
0.274125
-2.837289
2.168108
0.527250
-2.678069
1.793246
0.739980
-1.539162
1.259823
0.896019
0.358850
0.586821
0.983412
1.577515
0.132311
0.995464
