
=== Last Positions of Bodies ===
ID     X               Y               Z              
0      -0.280218       -0.771792       0.000000       
1      0.578401        -0.969430       0.000000       
2      -2.653506       -1.380891       0.555570       
3      -2.415867       -1.269758       0.707107       
4      -1.826342       -1.145650       0.831470       
5      -0.786324       -0.947568       0.923880       
6      0.787762        -0.622796       0.980785       
7      1.546836        -0.479428       1.000000       
8      1.615027        -0.446305       0.980785       
9      -0.160563       -0.718258       0.923880       
10     -1.645464       -1.241601       0.831470       
11     0.465111        -0.539660       0.707107       
12     -0.127757       -0.669961       0.555570       
13     -1.039379       -1.719664       0.382683       
14     -0.028319       -1.341148       0.195090       
15     -1.435801       -1.511979       -0.000000      
16     -0.046879       -1.367137       -0.195091      
17     -1.056349       -1.704397       -0.382684      
18     -0.210393       -0.709149       -0.555571      
19     0.435299        -0.557579       -0.707107      
20     -1.654202       -1.231634       -0.831470      
21     -0.233152       -0.730767       -0.923880      
22     1.600438        -0.436055       -0.980785      
23     1.548531        -0.472773       -1.000000      
24     0.801143        -0.619142       -0.980785      
25     -0.742309       -0.941228       -0.923879      
26     -1.809080       -1.141453       -0.831469      
27     -2.384329       -1.263992       -0.707106      
28     -2.676745       -1.378947       -0.555569      
29     -2.736552       -1.530139       -0.382682      
30     -2.495237       -1.889431       -0.195089      
31     -1.747220       0.201474        0.000000       
32     -2.250404       -2.495047       0.195090       
33     -2.541254       -2.085067       0.382683       
34     -2.549247       -1.874123       0.555570       
35     -2.316107       -1.691267       0.707107       
36     -1.824282       -1.469478       0.831470       
37     -0.803984       -1.067859       0.923880       
38     0.735846        -0.443404       0.980785       
39     1.446983        -0.177384       1.000000       
40     1.537373        -0.127653       0.980785       
41     -0.119524       -0.689575       0.923880       
42     -1.570662       -1.463950       0.831470       
43     0.394725        -0.446719       0.707107       
44     -0.156361       -0.638863       0.555570       
45     -1.033811       -1.723376       0.382683       
46     -0.052983       -1.060595       0.195090       
47     -0.280325       -0.923086       -0.000000      
48     -0.052720       -1.071988       -0.195091      
49     -1.038150       -1.720127       -0.382684      
50     -0.173291       -0.649881       -0.555571      
51     0.357838        -0.470979       -0.707107      
52     -1.563489       -1.465886       -0.831470      
53     -0.186016       -0.712557       -0.923880      
54     1.529219        -0.121386       -0.980785      
55     1.446065        -0.175038       -1.000000      
56     0.726084        -0.448184       -0.980785      
57     -0.783234       -1.056848       -0.923879      
58     -1.801434       -1.457560       -0.831469      
59     -2.327662       -1.688729       -0.707106      
60     -2.561756       -1.874632       -0.555569      
61     -2.538399       -2.087382       -0.382682      
62     -2.236886       -2.499117       -0.195089      
63     1.131055        -4.053688       0.000000       
64     -2.009908       -2.932352       0.195090       
65     -2.318973       -2.537964       0.382683       
66     -2.352043       -2.311007       0.555570       
67     -2.179389       -2.080804       0.707107       
68     -1.759058       -1.776472       0.831470       
69     -0.799991       -1.183064       0.923880       
70     0.627715        -0.301007       0.980785       
71     1.309505        0.102576        1.000000       
72     1.400564        0.162356        0.980785       
73     -0.101315       -0.654397       0.923880       
74     -1.467250       -1.657264       0.831470       
75     0.314278        -0.379555       0.707107       
76     -0.161081       -0.621601       0.555570       
77     -1.029855       -1.705415       0.382683       
78     -0.236988       -0.850144       0.195090       
79     -1.184850       -3.763427       -0.000000      
80     -0.241276       -0.843995       -0.195091      
81     -1.015398       -1.727059       -0.382684      
82     -0.177376       -0.631437       -0.555571      
83     0.312868        -0.371615       -0.707107      
84     -1.463553       -1.653939       -0.831470      
85     -0.115683       -0.668789       -0.923880      
86     1.415080        0.157852        -0.980785      
87     1.312189        0.094513        -1.000000      
88     0.646279        -0.290436       -0.980785      
89     -0.770268       -1.164090       -0.923879      
90     -1.714551       -1.755181       -0.831469      
91     -2.195612       -2.091678       -0.707106      
92     -2.361887       -2.321378       -0.555569      
93     -2.315435       -2.542119       -0.382682      
94     -1.984969       -2.940715       -0.195089      
95     1.238345        -2.507500       0.000000       
96     -1.644719       -3.306894       0.195090       
97     -2.067202       -2.917228       0.382683       
98     -2.107847       -2.683083       0.555570       
99     -1.962043       -2.430260       0.707107       
100    -1.595810       -2.043881       0.831470       
101    -0.732694       -1.270673       0.923880       
102    0.516479        -0.171144       0.980785       
103    1.129474        0.338129        1.000000       
104    1.228865        0.420905        0.980785       
105    -0.126848       -0.650106       0.923880       
106    -1.343321       -1.823761       0.831470       
107    0.286536        -0.252523       0.707107       
108    -0.210419       -0.662271       0.555570       
109    -0.952936       -1.760466       0.382683       
110    -0.355606       -0.746635       0.195090       
111    48.062061       -80.116928      -0.000000      
112    -0.358272       -0.745378       -0.195091      
113    -0.938490       -1.780466       -0.382684      
114    -0.226559       -0.680269       -0.555571      
115    0.280517        -0.257811       -0.707107      
116    -1.347478       -1.815203       -0.831470      
117    -0.108818       -0.639467       -0.923880      
118    1.237911        0.411564        -0.980785      
119    1.140024        0.335287        -1.000000      
120    0.534685        -0.159618       -0.980785      
121    -0.694657       -1.233117       -0.923879      
122    -1.585185       -2.027277       -0.831469      
123    -1.989970       -2.437453       -0.707106      
124    -2.105219       -2.686962       -0.555569      
125    -2.046724       -2.941506       -0.382682      
126    -1.619929       -3.323608       -0.195089      
127    -0.062410       -0.836872       0.000000       
128    -1.170681       -3.598369       0.195090       
129    -1.700152       -3.241924       0.382683       
130    -1.799420       -2.973092       0.555570       
131    -1.683646       -2.684417       0.707107       
132    -1.354011       -2.213829       0.831470       
133    -0.595070       -1.258863       0.923880       
134    0.411117        -0.047374       0.980785       
135    0.942597        0.538928        1.000000       
136    1.007913        0.600899        0.980785       
137    -0.182764       -0.690258       0.923880       
138    -1.176860       -1.967896       0.831470       
139    0.245595        -0.128928       0.707107       
140    -0.245726       -0.706960       0.555570       
141    -0.831946       -1.832737       0.382683       
142    -0.392064       -0.716478       0.195090       
143    -19.367981      -0.762449       -0.000000      
144    -0.412221       -0.696733       -0.195091      
145    -0.840157       -1.819854       -0.382684      
146    -0.262465       -0.736634       -0.555571      
147    0.223339        -0.150177       -0.707107      
148    -1.178240       -1.960202       -0.831470      
149    -0.203867       -0.712725       -0.923880      
150    1.007840        0.618096        -0.980785      
151    0.939197        0.547393        -1.000000      
152    0.423208        -0.030129       -0.980785      
153    -0.562215       -1.224049       -0.923879      
154    -1.345234       -2.212989       -0.831469      
155    -1.685892       -2.711526       -0.707106      
156    -1.772175       -2.993085       -0.555569      
157    -1.687993       -3.265361       -0.382682      
158    -1.163843       -3.610142       -0.195089      
159    1.362981        -2.019778       0.000000       
160    -0.713607       -3.772879       0.195090       
161    -1.308963       -3.463520       0.382683       
162    -1.437458       -3.187419       0.555570       
163    -1.355985       -2.839375       0.707107       
164    -1.095328       -2.299293       0.831470       
165    -0.468362       -1.188716       0.923880       
166    0.309544        0.084609        0.980785       
167    0.738368        0.713588        1.000000       
168    0.768888        0.752121        0.980785       
169    -0.216992       -0.724912       0.923880       
170    -1.009945       -2.079232       0.831470       
171    0.188489        -0.012785       0.707107       
172    -0.301002       -0.840117       0.555570       
173    -0.686271       -1.882466       0.382683       
174    -0.326760       -0.771274       0.195090       
175    -4.483246       -4.738269       -0.000000      
176    -0.349198       -0.741326       -0.195091      
177    -0.706351       -1.849764       -0.382684      
178    -0.316644       -0.873796       -0.555571      
179    0.163013        -0.034797       -0.707107      
180    -0.999206       -2.086534       -0.831470      
181    -0.254657       -0.778154       -0.923880      
182    0.751737        0.773410        -0.980785      
183    0.712159        0.724428        -1.000000      
184    0.290707        0.073041        -0.980785      
185    -0.449370       -1.182912       -0.923879      
186    -1.052844       -2.259973       -0.831469      
187    -1.351923       -2.876297       -0.707106      
188    -1.422887       -3.201199       -0.555569      
189    -1.303774       -3.452963       -0.382682      
190    -0.742389       -3.777043       -0.195089      
191    1.613280        -2.996894       0.000000       
192    -0.490203       -3.818806       0.195090       
193    -1.010239       -3.533795       0.382683       
194    -1.093497       -3.279341       0.555570       
195    -1.032513       -2.931610       0.707107       
196    -0.822076       -2.304973       0.831470       
197    -0.373053       -1.131550       0.923880       
198    0.165532        0.179995        0.980785       
199    0.499943        0.857206        1.000000       
200    0.517796        0.865179        0.980785       
201    -0.259964       -0.823463       0.923880       
202    -0.836357       -2.157109       0.831470       
203    0.097456        0.077778        0.707107       
204    -0.365868       -1.060331       0.555570       
205    -0.565108       -1.821645       0.382683       
206    -0.242722       -0.934895       0.195090       
207    23.709812       44.533661       -0.000000      
208    -0.250562       -0.907546       -0.195091      
209    -0.571304       -1.795981       -0.382684      
210    -0.353194       -1.030600       -0.555571      
211    0.085505        0.076735        -0.707107      
212    -0.813689       -2.175098       -0.831470      
213    -0.283576       -0.858187       -0.923880      
214    0.483902        0.870081        -0.980785      
215    0.469804        0.866071        -1.000000      
216    0.149743        0.164755        -0.980785      
217    -0.377541       -1.166057       -0.923879      
218    -0.796724       -2.248979       -0.831469      
219    -1.030411       -2.933822       -0.707106      
220    -1.108310       -3.284732       -0.555569      
221    -1.039822       -3.511485       -0.382682      
222    -0.526622       -3.813253       -0.195089      
223    -7.895764       8.756166        0.000000       
224    -0.776692       -3.616314       0.195090       
225    -0.836983       -3.445660       0.382683       
226    -0.801804       -3.278392       0.555570       
227    -0.722971       -2.935615       0.707107       
228    -0.576668       -2.245705       0.831470       
229    -0.308193       -1.073426       0.923880       
230    0.002971        0.257040        0.980785       
231    0.218011        0.968290        1.000000       
232    0.233040        0.938538        0.980785       
233    -0.282732       -0.957858       0.923880       
234    -0.636818       -2.220747       0.831470       
235    -0.007352       0.161719        0.707107       
236    -0.385198       -1.252820       0.555570       
237    -0.458937       -1.490892       0.382683       
238    -0.285338       -1.165519       0.195090       
239    -9.422359       -12.256963      -0.000000      
240    -0.283603       -1.161251       -0.195091      
241    -0.454539       -1.488014       -0.382684      
242    -0.369514       -1.218642       -0.555571      
243    -0.009918       0.172693        -0.707107      
244    -0.614320       -2.235453       -0.831470      
245    -0.298074       -0.997062       -0.923880      
246    0.213351        0.928475        -0.980785      
247    0.204982        0.973436        -1.000000      
248    -0.002112       0.252997        -0.980785      
249    -0.311006       -1.104865       -0.923879      
250    -0.572880       -2.258584       -0.831469      
251    -0.732132       -2.918346       -0.707106      
252    -0.827424       -3.271144       -0.555569      
253    -0.866970       -3.435559       -0.382682      
254    -0.819189       -3.596349       -0.195089      
255    0.958756        -2.648810       0.000000       
256    -1.076064       -2.947117       0.195090       
257    -0.662212       -3.303721       0.382683       
258    -0.494099       -3.231266       0.555570       
259    -0.416388       -2.883218       0.707107       
260    -0.356771       -2.178437       0.831470       
261    -0.268330       -1.002132       0.923880       
262    -0.168821       0.307352        0.980785       
263    -0.063571       1.041292        1.000000       
264    -0.063342       0.961251        0.980785       
265    -0.264239       -1.084105       0.923880       
266    -0.415422       -2.254573       0.831470       
267    -0.132678       0.236232        0.707107       
268    -0.339431       -1.373976       0.555570       
269    -0.205712       -0.633674       0.382683       
270    -0.502472       -1.310386       0.195090       
271    -0.639587       -0.602759       -0.000000      
272    -0.475396       -1.303569       -0.195091      
273    -0.193833       -0.595478       -0.382684      
274    -0.350746       -1.401622       -0.555571      
275    -0.115781       0.256308        -0.707107      
276    -0.418505       -2.256387       -0.831470      
277    -0.271699       -1.138718       -0.923880      
278    -0.055059       0.926012        -0.980785      
279    -0.063931       1.041757        -1.000000      
280    -0.166893       0.313828        -0.980785      
281    -0.271762       -1.024326       -0.923879      
282    -0.361593       -2.206641       -0.831469      
283    -0.433602       -2.878673       -0.707106      
284    -0.526369       -3.221947       -0.555569      
285    -0.686671       -3.290664       -0.382682      
286    -1.087933       -2.909100       -0.195089      
287    -5.342845       -4.915344       0.000000       
288    -0.845615       -2.861415       0.195090       
289    -0.363882       -3.225861       0.382683       
290    -0.168381       -3.154511       0.555570       
291    -0.107888       -2.814738       0.707107       
292    -0.138592       -2.123303       0.831470       
293    -0.240979       -0.968564       0.923880       
294    -0.354099       0.348421        0.980785       
295    -0.355158       1.066708        1.000000       
296    -0.332881       0.917251        0.980785       
297    -0.204583       -1.219487       0.923880       
298    -0.205827       -2.236941       0.831470       
299    -0.257561       0.303851        0.707107       
300    -0.264122       -1.497176       0.555570       
301    0.023810        0.092071        0.382683       
302    -0.712693       -1.360140       0.195090       
303    -11.279414      -10.293016      -0.000000      
304    -0.693851       -1.357557       -0.195091      
305    0.038437        0.101678        -0.382684      
306    -0.276566       -1.522476       -0.555571      
307    -0.249068       0.310877        -0.707107      
308    -0.226165       -2.228566       -0.831470      
309    -0.204630       -1.274249       -0.923880      
310    -0.315590       0.876506        -0.980785      
311    -0.362907       1.067547        -1.000000      
312    -0.355620       0.377204        -0.980785      
313    -0.240940       -0.991520       -0.923879      
314    -0.141839       -2.135205       -0.831469      
315    -0.111330       -2.823014       -0.707106      
316    -0.169512       -3.172525       -0.555569      
317    -0.375910       -3.219314       -0.382682      
318    -0.856323       -2.867697       -0.195089      
319    -3.583231       -3.101500       0.000000       
320    -0.453354       -3.071504       0.195090       
321    0.025002        -3.220423       0.382683       
322    0.204882        -3.074455       0.555570       
323    0.218703        -2.725849       0.707107       
324    0.079632        -2.057356       0.831470       
325    -0.227142       -0.913636       0.923880       
326    -0.561618       0.383911        0.980785       
327    -0.667305       1.040144        1.000000       
328    -0.574249       0.798203        0.980785       
329    -0.101889       -1.341182       0.923880       
330    -0.016747       -2.170255       0.831470       
331    -0.403424       0.339979        0.707107       
332    -0.161221       -1.573232       0.555570       
333    0.052865        0.111733        0.382683       
334    -0.855749       -1.461349       0.195090       
335    0.068726        -14.871884      -0.000000      
336    -0.877561       -1.468089       -0.195091      
337    0.071814        0.085121        -0.382684      
338    -0.162397       -1.577942       -0.555571      
339    -0.410080       0.337819        -0.707107      
340    -0.012685       -2.169010       -0.831470      
341    -0.095948       -1.370464       -0.923880      
342    -0.587999       0.778183        -0.980785      
343    -0.683128       1.038637        -1.000000      
344    -0.566339       0.390106        -0.980785      
345    -0.220559       -0.933401       -0.923879      
346    0.092559        -2.081633       -0.831469      
347    0.228691        -2.734649       -0.707106      
348    0.217334        -3.109948       -0.555569      
349    0.022204        -3.209026       -0.382682      
350    -0.449229       -3.065081       -0.195089      
351    -2.959677       -12.725885      0.000000       
352    0.062189        -3.190537       0.195090       
353    0.479965        -3.171320       0.382683       
354    0.603863        -2.966352       0.555570       
355    0.548210        -2.602215       0.707107       
356    0.275101        -1.941397       0.831470       
357    -0.248699       -0.830232       0.923880       
358    -0.792221       0.383024        0.980785       
359    -0.992180       0.951880        1.000000       
360    -0.813344       0.646549        0.980785       
361    0.033175        -1.406101       0.923880       
362    0.153928        -2.049226       0.831470       
363    -0.585635       0.324839        0.707107       
364    -0.030183       -1.605865       0.555570       
365    -0.045386       -0.113705       0.382683       
366    -0.760774       -1.179588       0.195090       
367    6.056028        -4.189690       -0.000000      
368    -0.736112       -1.138397       -0.195091      
369    -0.046994       -0.108888       -0.382684      
370    -0.025248       -1.592674       -0.555571      
371    -0.587510       0.328587        -0.707107      
372    0.163566        -2.049478       -0.831470      
373    0.039932        -1.416309       -0.923880      
374    -0.817545       0.621804        -0.980785      
375    -0.993777       0.952869        -1.000000      
376    -0.791698       0.388468        -0.980785      
377    -0.242212       -0.851490       -0.923879      
378    0.276539        -1.964996       -0.831469      
379    0.535822        -2.600450       -0.707106      
380    0.620678        -2.995750       -0.555569      
381    0.489115        -3.163797       -0.382682      
382    0.055160        -3.199889       -0.195089      
383    1.608115        -0.553249       0.000000       
384    0.606524        -3.174241       0.195090       
385    0.942407        -3.025949       0.382683       
386    0.984818        -2.785107       0.555570       
387    0.838721        -2.413633       0.707107       
388    0.442772        -1.796801       0.831470       
389    -0.288452       -0.772107       0.923880       
390    -1.044176       0.357888        0.980785       
391    -1.297799       0.800130        1.000000       
392    -1.010695       0.450971        0.980785       
393    0.187445        -1.414011       0.923880       
394    0.297906        -1.888407       0.831470       
395    -0.779084       0.269886        0.707107       
396    0.121295        -1.593893       0.555570       
397    -0.168746       -0.336441       0.382683       
398    -0.354718       -0.807097       0.195090       
399    -18.242338      -41.080978      -0.000000      
400    -0.368451       -0.822505       -0.195091      
401    -0.187755       -0.276606       -0.382684      
402    0.126969        -1.578307       -0.555571      
403    -0.777516       0.275090        -0.707107      
404    0.278590        -1.879873       -0.831470      
405    0.198913        -1.437618       -0.923880      
406    -0.991505       0.435199        -0.980785      
407    -1.286806       0.808071        -1.000000      
408    -1.039265       0.366991        -0.980785      
409    -0.282751       -0.788956       -0.923879      
410    0.454383        -1.831827       -0.831469      
411    0.818407        -2.408855       -0.707106      
412    0.991750        -2.802193       -0.555569      
413    0.959093        -3.025876       -0.382682      
414    0.635946        -3.162258       -0.195089      
415    -0.371396       11.554192       0.000000       
416    1.165883        -3.010853       0.195090       
417    1.400948        -2.772279       0.382683       
418    1.351417        -2.508643       0.555570       
419    1.122537        -2.168717       0.707107       
420    0.589530        -1.620337       0.831470       
421    -0.371552       -0.703090       0.923880       
422    -1.308885       0.264697        0.980785       
423    -1.578378       0.581045        1.000000       
424    -1.160799       0.230049        0.980785       
425    0.358400        -1.387564       0.923880       
426    0.393524        -1.693680       0.831470       
427    -0.979263       0.162104        0.707107       
428    0.290201        -1.522919       0.555570       
429    -0.361823       -0.382059       0.382683       
430    0.420637        -0.284979       0.195090       
431    7.482628        -5.743248       -0.000000      
432    0.392758        -0.268308       -0.195091      
433    -0.377662       -0.365140       -0.382684      
434    0.294324        -1.519637       -0.555571      
435    -0.984377       0.157972        -0.707107      
436    0.391484        -1.697491       -0.831470      
437    0.386166        -1.433017       -0.923880      
438    -1.142841       0.222555        -0.980785      
439    -1.568185       0.590759        -1.000000      
440    -1.297042       0.267197        -0.980785      
441    -0.400351       -0.681833       -0.923879      
442    0.607928        -1.654667       -0.831469      
443    1.104772        -2.171173       -0.707106      
444    1.349156        -2.520776       -0.555569      
445    1.405238        -2.778109       -0.382682      
446    1.181283        -2.992858       -0.195089      
447    -0.768487       -4.292562       0.000000       
448    1.704121        -2.647656       0.195090       
449    1.836259        -2.380236       0.382683       
450    1.696623        -2.129972       0.555570       
451    1.369861        -1.850211       0.707107       
452    0.691740        -1.408192       0.831470       
453    -0.520016       -0.641415       0.923880       
454    -1.560596       0.076614        0.980785       
455    -1.826475       0.285342        1.000000       
456    -1.298952       -0.005871       0.980785       
457    0.548289        -1.320650       0.923880       
458    0.502295        -1.494653       0.831470       
459    -1.176673       -0.016655       0.707107       
460    0.460712        -1.406114       0.555570       
461    -0.646386       -0.433090       0.382683       
462    0.228808        -0.604989       0.195090       
463    3.429700        -0.747506       -0.000000      
464    0.186640        -0.646587       -0.195091      
465    -0.638315       -0.425810       -0.382684      
466    0.459888        -1.388037       -0.555571      
467    -1.183999       -0.025802       -0.707107      
468    0.516265        -1.505779       -0.831470      
469    0.571373        -1.349300       -0.923880      
470    -1.274700       -0.010757       -0.980785      
471    -1.813910       0.302200        -1.000000      
472    -1.548516       0.087796        -0.980785      
473    -0.537624       -0.633199       -0.923879      
474    0.687429        -1.428722       -0.831469      
475    1.340370        -1.868507       -0.707106      
476    1.662295        -2.154675       -0.555569      
477    1.802197        -2.400845       -0.382682      
478    1.681853        -2.665787       -0.195089      
479    -0.088886       30.271402       0.000000       
480    2.126756        -2.154998       0.195090       
481    2.130239        -1.894748       0.382683       
482    1.916829        -1.710100       0.555570       
483    1.492211        -1.498753       0.707107       
484    0.708333        -1.187765       0.831470       
485    -0.745637       -0.617151       0.923880       
486    -1.766068       -0.174797       0.980785       
487    -2.009177       -0.064075       1.000000       
488    -1.389348       -0.272790       0.980785       
489    0.707348        -1.176393       0.923880       
490    0.611927        -1.287267       0.831470       
491    -1.337449       -0.257904       0.707107       
492    0.591440        -1.219311       0.555570       
493    -0.821984       -0.562895       0.382683       
494    -0.215909       -1.079523       0.195090       
495    -0.656740       -1.596843       -0.000000      
496    -0.236882       -1.105887       -0.195091      
497    -0.800494       -0.555284       -0.382684      
498    0.609084        -1.210606       -0.555571      
499    -1.338866       -0.258449       -0.707107      
500    0.631998        -1.294369       -0.831470      
501    0.719613        -1.185431       -0.923880      
502    -1.351199       -0.270953       -0.980785      
503    -2.008597       -0.054417       -1.000000      
504    -1.763695       -0.168901       -0.980785      
505    -0.740113       -0.619473       -0.923879      
506    0.717791        -1.195408       -0.831469      
507    1.502462        -1.503519       -0.707106      
508    1.912670        -1.713246       -0.555569      
509    2.119198        -1.909413       -0.382682      
510    2.108444        -2.173677       -0.195089      
511    -0.696284       -1.472476       0.000000       
512    2.376879        -1.587552       0.195090       
513    2.287761        -1.359698       0.382683       
514    2.029679        -1.238027       0.555570       
515    1.557819        -1.124973       0.707107       
516    0.623832        -0.970740       0.831470       
517    -0.936451       -0.688164       0.923880       
518    -1.905329       -0.494372       0.980785       
519    -2.121564       -0.450585       1.000000       
520    -1.426336       -0.530955       0.980785       
521    0.817633        -0.980258       0.923880       
522    0.681346        -1.065109       0.831470       
523    -1.431606       -0.522754       0.707107       
524    0.645343        -1.005454       0.555570       
525    -0.842359       -0.695513       0.382683       
526    -0.755077       -1.262450       0.195090       
527    -0.464275       40958.496094    -0.000000      
528    -0.725470       -1.293652       -0.195091      
529    -0.842649       -0.694227       -0.382684      
530    0.646700        -1.007997       -0.555571      
531    -1.429021       -0.494352       -0.707107      
532    0.717073        -1.069959       -0.831470      
533    0.817880        -0.979077       -0.923880      
534    -1.384547       -0.533650       -0.980785      
535    -2.122181       -0.450281       -1.000000      
536    -1.902627       -0.496098       -0.980785      
537    -0.946204       -0.686508       -0.923879      
538    0.661414        -0.969249       -0.831469      
539    1.568956        -1.115119       -0.707106      
540    2.049601        -1.225374       -0.555569      
541    2.287954        -1.356563       -0.382682      
542    2.365740        -1.581673       -0.195089      
543    -0.216375       -0.702026       0.000000       
544    2.437731        -0.939783       0.195090       
545    2.309277        -0.797274       0.382683       
546    2.037467        -0.746061       0.555570       
547    1.510959        -0.747393       0.707107       
548    0.516761        -0.792420       0.831470       
549    -1.058775       -0.836776       0.923880       
550    -1.963252       -0.861791       0.980785       
551    -2.147351       -0.867611       1.000000       
552    -1.389077       -0.790987       0.980785       
553    0.853779        -0.750445       0.923880       
554    0.781142        -0.841454       0.831470       
555    -1.461043       -0.764677       0.707107       
556    0.636527        -0.824264       0.555570       
557    -0.823509       -0.694421       0.382683       
558    -0.550066       -0.517998       0.195090       
559    -0.793104       -0.562578       -0.000000      
560    -0.544988       -0.504499       -0.195091      
561    -0.836839       -0.706621       -0.382684      
562    0.617937        -0.850196       -0.555571      
563    -1.462066       -0.734603       -0.707107      
564    0.783687        -0.843837       -0.831470      
565    0.879017        -0.748867       -0.923880      
566    -1.385219       -0.795709       -0.980785      
567    -2.146162       -0.874066       -1.000000      
568    -1.959774       -0.866722       -0.980785      
569    -1.078129       -0.837356       -0.923879      
570    0.554675        -0.782966       -0.831469      
571    1.533061        -0.729106       -0.707106      
572    2.047226        -0.723114       -0.555569      
573    2.327268        -0.764858       -0.382682      
574    2.414920        -0.939206       -0.195089      
575    -7.431348       -6.392523       0.000000       
576    2.290169        -0.363528       0.195090       
577    2.200458        -0.250755       0.382683       
578    1.925527        -0.278527       0.555570       
579    1.388014        -0.401512       0.707107       
580    0.349790        -0.673263       0.831470       
581    -1.151385       -1.036149       0.923880       
582    -1.928809       -1.240133       0.980785       
583    -2.082536       -1.284013       1.000000       
584    -1.331497       -1.035954       0.980785       
585    0.843135        -0.512345       0.923880       
586    0.834628        -0.591692       0.831470       
587    -1.441351       -0.997414       0.707107       
588    0.567339        -0.663622       0.555570       
589    -0.905416       -0.767471       0.382683       
590    -0.203324       -0.553078       0.195090       
591    -0.781750       -1.040228       -0.000000      
592    -0.200491       -0.489782       -0.195091      
593    -0.906714       -0.760513       -0.382684      
594    0.552079        -0.684045       -0.555571      
595    -1.443210       -0.990036       -0.707107      
596    0.824428        -0.594778       -0.831470      
597    0.835332        -0.514980       -0.923880      
598    -1.307468       -1.037980       -0.980785      
599    -2.076799       -1.295289       -1.000000      
600    -1.919366       -1.244460       -0.980785      
601    -1.140312       -1.034636       -0.923879      
602    0.336297        -0.676050       -0.831469      
603    1.408704        -0.392871       -0.707106      
604    1.914925        -0.279337       -0.555569      
605    2.226375        -0.231768       -0.382682      
606    2.295021        -0.333576       -0.195089      
607    1.932075        -2.687097       0.000000       
608    2.078970        0.157719        0.195090       
609    1.966244        0.205657        0.382683       
610    1.712754        0.138872        0.555570       
611    1.192232        -0.103258       0.707107       
612    0.187010        -0.611821       0.831470       
613    -1.150216       -1.267484       0.923880       
614    -1.783410       -1.614812       0.980785       
615    -1.937366       -1.703622       1.000000       
616    -1.308676       -1.318894       0.980785       
617    0.717032        -0.295516       0.923880       
618    0.814877        -0.313297       0.831470       
619    -1.359001       -1.253367       0.707107       
620    0.416161        -0.533383       0.555570       
621    -0.932252       -0.978619       0.382683       
622    -0.765081       -0.314211       0.195090       
623    4.189846        0.552745        -0.000000      
624    -0.752206       -0.311391       -0.195091      
625    -0.938002       -0.975234       -0.382684      
626    0.438380        -0.516502       -0.555571      
627    -1.361836       -1.253864       -0.707107      
628    0.828017        -0.318439       -0.831470      
629    0.726232        -0.294582       -0.923880      
630    -1.273984       -1.303302       -0.980785      
631    -1.929824       -1.705087       -1.000000      
632    -1.775519       -1.611229       -0.980785      
633    -1.116036       -1.248656       -0.923879      
634    0.171309        -0.624020       -0.831469      
635    1.198209        -0.115067       -0.707106      
636    1.700899        0.113761        -0.555569      
637    1.964203        0.183120        -0.382682      
638    2.080855        0.144172        -0.195089      
639    -6.745162       -5.477339       0.000000       
640    1.772933        0.507344        0.195090       
641    1.655289        0.595292        0.382683       
642    1.433568        0.496980        0.555570       
643    0.992150        0.172373        0.707107       
644    0.110394        -0.538972       0.831470       
645    -0.999183       -1.443547       0.923880       
646    -1.546429       -1.942652       0.980785       
647    -1.680878       -2.085294       1.000000       
648    -1.192994       -1.600703       0.980785       
649    0.539927        -0.117484       0.923880       
650    0.712517        -0.025005       0.831470       
651    -1.209736       -1.500370       0.707107       
652    0.280974        -0.424787       0.555570       
653    -0.898013       -1.217649       0.382683       
654    -0.923728       -0.364954       0.195090       
655    -51.102211      -10.031285      -0.000000      
656    -0.942931       -0.376475       -0.195091      
657    -0.877143       -1.232854       -0.382684      
658    0.297076        -0.402618       -0.555571      
659    -1.213574       -1.498387       -0.707107      
660    0.737526        -0.026592       -0.831470      
661    0.559052        -0.103084       -0.923880      
662    -1.171222       -1.579114       -0.980785      
663    -1.683585       -2.085031       -1.000000      
664    -1.537886       -1.932276       -0.980785      
665    -0.978672       -1.423337       -0.923879      
666    0.121862        -0.536410       -0.831469      
667    1.001534        0.172166        -0.707106      
668    1.417532        0.485338        -0.555569      
669    1.650247        0.596710        -0.382682      
670    1.766931        0.496539        -0.195089      
671    26.943783       -9.128963       0.000000       
672    1.457345        0.892417        0.195090       
673    1.308562        1.022652        0.382683       
674    1.108723        0.870195        0.555570       
675    0.747366        0.443079        0.707107       
676    0.041903        -0.457037       0.831470       
677    -0.792187       -1.547456       0.923880       
678    -1.228521       -2.190397       0.980785       
679    -1.335215       -2.400322       1.000000       
680    -0.982553       -1.847155       0.980785       
681    0.326247        0.003784        0.923880       
682    0.539764        0.235641        0.831470       
683    -1.004958       -1.700944       0.707107       
684    0.188278        -0.315751       0.555570       
685    -0.848191       -1.385376       0.382683       
686    -0.820042       -0.647416       0.195090       
687    -5.788442       -1.974698       -0.000000      
688    -0.848617       -0.669064       -0.195091      
689    -0.829998       -1.391585       -0.382684      
690    0.166077        -0.339388       -0.555571      
691    -1.006240       -1.698624       -0.707107      
692    0.529686        0.237785        -0.831470      
693    0.342692        0.032172        -0.923880      
694    -0.983297       -1.841161       -0.980785      
695    -1.340590       -2.403903       -1.000000      
696    -1.221194       -2.188668       -0.980785      
697    -0.791045       -1.547348       -0.923879      
698    0.059469        -0.436840       -0.831469      
699    0.727597        0.420600        -0.707106      
700    1.091726        0.861562        -0.555569      
701    1.293973        1.029431        -0.382682      
702    1.438934        0.901436        -0.195089      
703    3.008010        3.989857        0.000000       
704    0.996709        1.381081        0.195090       
705    0.830262        1.379076        0.382683       
706    0.682925        1.163800        0.555570       
707    0.447966        0.672669        0.707107       
708    -0.020776       -0.343739       0.831470       
709    -0.573804       -1.580818       0.923880       
710    -0.863494       -2.344662       0.980785       
711    -0.927210       -2.623360       1.000000       
712    -0.725457       -2.067105       0.980785       
713    0.098348        0.058254        0.923880       
714    0.281017        0.438518        0.831470       
715    -0.768582       -1.839700       0.707107       
716    0.092110        -0.232275       0.555570       
717    -0.819034       -1.521299       0.382683       
718    -0.695563       -0.421154       0.195090       
719    18.655558       28.279818       -0.000000      
720    -0.691187       -0.410056       -0.195091      
721    -0.819164       -1.517475       -0.382684      
722    0.063853        -0.277260       -0.555571      
723    -0.755546       -1.855159       -0.707107      
724    0.242030        0.433679        -0.831470      
725    0.103254        0.089133        -0.923880      
726    -0.718481       -2.055564       -0.980785      
727    -0.926590       -2.627900       -1.000000      
728    -0.853551       -2.346878       -0.980785      
729    -0.573895       -1.590874       -0.923879      
730    -0.020544       -0.321451       -0.831469      
731    0.425282        0.646936        -0.707106      
732    0.685354        1.167551        -0.555569      
733    0.847184        1.392818        -0.382682      
734    0.997165        1.382468        -0.195089      
735    -33.740055      6.403694        0.000000       
736    0.393972        1.760538        0.195090       
737    0.284917        1.643161        0.382683       
738    0.201620        1.346316        0.555570       
739    0.093717        0.830555        0.707107       
740    -0.115335       -0.199188       0.831470       
741    -0.367769       -1.525017       0.923880       
742    -0.482635       -2.398752       0.980785       
743    -0.484422       -2.738790       1.000000       
744    -0.411962       -2.214847       0.980785       
745    -0.119343       0.036285        0.923880       
746    -0.051377       0.549915        0.831470       
747    -0.518180       -1.913557       0.707107       
748    -0.043769       -0.219474       0.555570       
749    -0.562294       -1.442678       0.382683       
750    -0.603402       -0.801820       0.195090       
751    -1.752060       -7.124929       -0.000000      
752    -0.595928       -0.770373       -0.195091      
753    -0.574658       -1.474637       -0.382684      
754    -0.055787       -0.241683       -0.555571      
755    -0.498842       -1.935153       -0.707107      
756    -0.065349       0.549293        -0.831470      
757    -0.120444       0.057631        -0.923880      
758    -0.402920       -2.190970       -0.980785      
759    -0.477699       -2.741197       -1.000000      
760    -0.477659       -2.393649       -0.980785      
761    -0.370065       -1.553450       -0.923879      
762    -0.121869       -0.183899       -0.831469      
763    0.077151        0.799079        -0.707106      
764    0.207384        1.379344        -0.555569      
765    0.297129        1.659906        -0.382682      
766    0.405016        1.758327        -0.195089      
767    -0.841072       4.045001        0.000000       
768    -0.303351       1.942716        0.195090       
769    -0.314397       1.743456        0.382683       
770    -0.315037       1.433456        0.555570       
771    -0.299561       0.888718        0.707107       
772    -0.268713       -0.094103       0.831470       
773    -0.208361       -1.405162       0.923880       
774    -0.120817       -2.341194       0.980785       
775    -0.035147       -2.743051       1.000000       
776    -0.061679       -2.280999       0.980785       
777    -0.308307       -0.021553       0.923880       
778    -0.396103       0.572015        0.831470       
779    -0.246049       -1.924053       0.707107       
780    -0.204988       -0.234837       0.555570       
781    -0.250825       -0.639194       0.382683       
782    -0.029628       -0.220612       0.195090       
783    14.168248       -7.504972       -0.000000      
784    -0.037417       -0.211078       -0.195091      
785    -0.251994       -0.653132       -0.382684      
786    -0.207984       -0.245331       -0.555571      
787    -0.237188       -1.936542       -0.707107      
788    -0.394987       0.575414        -0.831470      
789    -0.309408       -0.013101       -0.923880      
790    -0.065450       -2.260580       -0.980785      
791    -0.035269       -2.744903       -1.000000      
792    -0.121792       -2.343278       -0.980785      
793    -0.207580       -1.415853       -0.923879      
794    -0.268318       -0.042476       -0.831469      
795    -0.295948       0.888884        -0.707106      
796    -0.317360       1.455519        -0.555569      
797    -0.322985       1.741748        -0.382682      
798    -0.308549       1.903281        -0.195089      
799    -4.552923       8.304617        0.000000       
800    -0.862437       1.750411        0.195090       
801    -0.903364       1.646573        0.382683       
802    -0.837998       1.388688        0.555570       
803    -0.699304       0.866545        0.707107       
804    -0.458860       -0.040069       0.831470       
805    -0.108957       -1.266591       0.923880       
806    0.206900        -2.209502       0.980785       
807    0.402789        -2.637563       1.000000       
808    0.309765        -2.280415       0.980785       
809    -0.455411       -0.129812       0.923880       
810    -0.738476       0.495479        0.831470       
811    0.048104        -1.856989       0.707107       
812    -0.367897       -0.331509       0.555570       
813    -0.597343       -0.198223       0.382683       
814    -1.183420       -0.888277       0.195090       
815    72.222382       -37.831646      -0.000000      
816    -1.187133       -0.894878       -0.195091      
817    -0.599405       -0.185470       -0.382684      
818    -0.365491       -0.341313       -0.555571      
819    0.036916        -1.860800       -0.707107      
820    -0.726320       0.510727        -0.831470      
821    -0.450052       -0.137115       -0.923880      
822    0.292093        -2.251153       -0.980785      
823    0.392960        -2.645045       -1.000000      
824    0.201897        -2.214118       -0.980785      
825    -0.115615       -1.247557       -0.923879      
826    -0.466598       0.006690        -0.831469      
827    -0.695041       0.878661        -0.707106      
828    -0.837638       1.389683        -0.555569      
829    -0.906664       1.655041        -0.382682      
830    -0.864955       1.755689        -0.195089      
831    0.405123        -1.656029       0.000000       
832    -1.216321       1.330928        0.195090       
833    -1.414842       1.392888        0.382683       
834    -1.320908       1.187268        0.555570       
835    -1.092883       0.764711        0.707107       
836    -0.685149       -0.008451       0.831470       
837    -0.077561       -1.111012       0.923880       
838    0.473914        -2.017217       0.980785       
839    0.780616        -2.445015       1.000000       
840    0.659945        -2.196886       0.980785       
841    -0.528750       -0.290662       0.923880       
842    -1.037769       0.346799        0.831470       
843    0.302670        -1.693931       0.707107       
844    -0.395438       -0.548589       0.555570       
845    -0.982576       -0.172688       0.382683       
846    -1.175745       -0.799348       0.195090       
847    -9.362463       7.972434        -0.000000      
848    -1.176874       -0.809863       -0.195091      
849    -0.983107       -0.174164       -0.382684      
850    -0.399733       -0.544776       -0.555571      
851    0.299611        -1.699124       -0.707107      
852    -1.027040       0.370010        -0.831470      
853    -0.530267       -0.286936       -0.923880      
854    0.636627        -2.152703       -0.980785      
855    0.778216        -2.449441       -1.000000      
856    0.472178        -2.024401       -0.980785      
857    -0.102843       -1.067266       -0.923879      
858    -0.694803       0.020770        -0.831469      
859    -1.078631       0.754714        -0.707106      
860    -1.326013       1.217563        -0.555569      
861    -1.406789       1.395125        -0.382682      
862    -1.209352       1.329685        -0.195089      
863    -12.510921      4.656854        0.000000       
864    -1.553203       0.884502        0.195090       
865    -1.818290       1.044079        0.382683       
866    -1.721906       0.907280        0.555570       
867    -1.449109       0.595702        0.707107       
868    -0.933986       -0.016919       0.831470       
869    -0.120245       -0.952448       0.923880       
870    0.659119        -1.779205       0.980785       
871    1.095768        -2.180064       1.000000       
872    0.982604        -2.010901       0.980785       
873    -0.546281       -0.440278       0.923880       
874    -1.287456       0.147052        0.831470       
875    0.483856        -1.463079       0.707107       
876    -0.327744       -0.682505       0.555570       
877    -1.208964       -0.235446       0.382683       
878    -1.115798       -0.560384       0.195090       
879    -40.509899      2.247508        -0.000000      
880    -1.120206       -0.569022       -0.195091      
881    -1.210371       -0.259677       -0.382684      
882    -0.307443       -0.696687       -0.555571      
883    0.505469        -1.465061       -0.707107      
884    -1.290842       0.139637        -0.831470      
885    -0.556202       -0.432832       -0.923880      
886    0.951638        -1.977496       -0.980785      
887    1.093852        -2.180731       -1.000000      
888    0.673335        -1.787176       -0.980785      
889    -0.178054       -0.891637       -0.923879      
890    -0.928760       -0.034242       -0.831469      
891    -1.445295       0.574094        -0.707106      
892    -1.741527       0.914968        -0.555569      
893    -1.816877       1.026058        -0.382682      
894    -1.556527       0.880607        -0.195089      
895    2.524806        -10.172377      0.000000       
896    -1.904815       0.454595        0.195090       
897    -2.166703       0.642148        0.382683       
898    -2.077173       0.575513        0.555570       
899    -1.770924       0.353733        0.707107       
900    -1.200364       -0.093460       0.831470       
901    -0.230791       -0.827195       0.923880       
902    0.787730        -1.523143       0.980785       
903    1.338082        -1.857651       1.000000       
904    1.248796        -1.746394       0.980785       
905    -0.513152       -0.567625       0.923880       
906    -1.489094       -0.103868       0.831470       
907    0.583244        -1.208224       0.707107       
908    -0.279593       -0.725143       0.555570       
909    -1.379369       -0.414340       0.382683       
910    -0.698407       -1.561329       0.195090       
911    -0.214244       -0.630941       -0.000000      
912    -0.732860       -1.543757       -0.195091      
913    -1.381425       -0.428621       -0.382684      
914    -0.215784       -0.751460       -0.555571      
915    0.595272        -1.213357       -0.707107      
916    -1.485181       -0.122078       -0.831470      
917    -0.527657       -0.561178       -0.923880      
918    1.230465        -1.751738       -0.980785      
919    1.333062        -1.866249       -1.000000      
920    0.811042        -1.538760       -0.980785      
921    -0.275430       -0.797625       -0.923879      
922    -1.171342       -0.135215       -0.831469      
923    -1.776922       0.327419        -0.707106      
924    -2.092136       0.549069        -0.555569      
925    -2.168204       0.603077        -0.382682      
926    -1.908001       0.431477        -0.195089      
927    -0.331824       -0.844722       0.000000       
928    -2.238951       -0.104238       0.195090       
929    -2.452968       0.119620        0.382683       
930    -2.363651       0.124153        0.555570       
931    -2.033891       -0.004956       0.707107       
932    -1.452927       -0.276549       0.831470       
933    -0.385129       -0.766836       0.923880       
934    0.864149        -1.270997       0.980785       
935    1.502120        -1.501651       1.000000       
936    1.447499        -1.426512       0.980785       
937    -0.394224       -0.680228       0.923880       
938    -1.624531       -0.396891       0.831470       
939    0.600163        -0.982293       0.707107       
940    -0.217372       -0.749569       0.555570       
941    -1.478710       -0.811600       0.382683       
942    0.163226        -1.331859       0.195090       
943    0.985163        -0.443054       -0.000000      
944    0.129915        -1.381617       -0.195091      
945    -1.480825       -0.805111       -0.382684      
946    -0.162634       -0.762896       -0.555571      
947    0.592843        -0.990893       -0.707107      
948    -1.623918       -0.392777       -0.831470      
949    -0.440327       -0.665502       -0.923880      
950    1.438629        -1.458355       -0.980785      
951    1.498585        -1.519498       -1.000000      
952    0.865781        -1.278426       -0.980785      
953    -0.427527       -0.744448       -0.923879      
954    -1.392301       -0.308770       -0.831469      
955    -2.037146       -0.009467       -0.707106      
956    -2.383159       0.124985        -0.555569      
957    -2.452045       0.124121        -0.382682      
958    -2.236929       -0.086456       -0.195089      
959    13.865343       7.309266        0.000000       
960    -2.476486       -0.680556       0.195090       
961    -2.639941       -0.444485       0.382683       
962    -2.566803       -0.384184       0.555570       
963    -2.224654       -0.420126       0.707107       
964    -1.649173       -0.536552       0.831470       
965    -0.572046       -0.770929       0.923880       
966    0.882987        -1.025727       0.980785       
967    1.587249        -1.133373       1.000000       
968    1.567848        -1.096920       0.980785       
969    -0.290212       -0.729205       0.923880       
970    -1.687397       -0.697898       0.831470       
971    0.570008        -0.803099       0.707107       
972    -0.230047       -0.747938       0.555570       
973    -1.382425       -1.275369       0.382683       
974    0.240083        -1.151427       0.195090       
975    5.381720        -1.064747       -0.000000      
976    0.234553        -1.152903       -0.195091      
977    -1.382774       -1.274580       -0.382684      
978    -0.186603       -0.748747       -0.555571      
979    0.563965        -0.808948       -0.707107      
980    -1.691611       -0.691124       -0.831470      
981    -0.353843       -0.718142       -0.923880      
982    1.564053        -1.106149       -0.980785      
983    1.587234        -1.153067       -1.000000      
984    0.883328        -1.035538       -0.980785      
985    -0.545632       -0.771790       -0.923879      
986    -1.591687       -0.546768       -0.831469      
987    -2.244960       -0.403229       -0.707106      
988    -2.583919       -0.367407       -0.555569      
989    -2.641576       -0.447624       -0.382682      
990    -2.454742       -0.700216       -0.195089      
991    1.937420        1.299418        0.000000       
992    -2.581366       -1.264925       0.195090       
993    -2.734733       -0.979493       0.382683       
994    -2.663938       -0.873482       0.555570       
995    -2.353915       -0.828517       0.707107       
996    -1.766265       -0.828324       0.831470       
997    -0.728725       -0.838454       0.923880       
998    0.842373        -0.812949       0.980785       
999    1.593270        -0.800157       1.000000       
1000   1.628418        -0.778715       0.980785       
1001   -0.213641       -0.736283       0.923880       
1002   -1.688696       -0.984528       0.831470       
1003   0.515790        -0.661513       0.707107       
1004   -0.195882       -0.730172       0.555570       
1005   -1.166789       -1.595489       0.382683       
1006   0.080289        -1.279972       0.195090       
1007   -0.227299       -0.464479       -0.000000      
1008   0.077049        -1.281568       -0.195091      
1009   -1.177513       -1.581312       -0.382684      
1010   -0.215501       -0.734597       -0.555571      
1011   0.518741        -0.662380       -0.707107      
1012   -1.699579       -0.972606       -0.831470      
1013   -0.287578       -0.735734       -0.923880      
1014   1.615293        -0.760289       -0.980785      
1015   1.600877        -0.790953       -1.000000      
1016   0.854544        -0.811931       -0.980785      
1017   -0.677299       -0.840425       -0.923879      
1018   -1.742059       -0.830078       -0.831469      
1019   -2.360600       -0.833953       -0.707106      
1020   -2.672647       -0.890860       -0.555569      
1021   -2.726090       -0.994146       -0.382682      
1022   -2.569095       -1.265946       -0.195089      
1023   -0.697864       -4.812066       0.000000       
Tiempo en segundos: 17.705682
