-0.000227
-0.000200
0.000000
-0.999466
0.020000
0.000000
2.672435
-0.000000
0.739980
2.443815
-0.000000
0.896019
2.181174
-0.000000
0.983412
1.904630
-0.000000
0.995464
1.635365
0.000000
0.931251
1.394000
0.000000
0.795693
1.199014
0.000000
0.599176
1.065338
0.000000
0.356754
1.003250
0.000000
0.087001
1.017583
0.000000
-0.189418
1.107214
0.000000
-0.451325
1.265204
0.000000
-0.678655
1.479432
0.000000
-0.853992
1.733500
0.000000
-0.963903
2.007952
0.000000
-0.999967
2.281770
0.000000
-0.959421
2.533979
0.000000
-0.845372
2.745261
0.000000
-0.666558
2.899430
0.000000
-0.436677
2.984675
0.000000
-0.173341
2.884903
0.822326
0.000000
2.848063
0.811825
0.274125
2.740367
0.781127
0.527250
2.570064
0.732583
0.739980
2.350202
0.669912
0.896019
2.097621
0.597916
0.983412
1.831671
0.522108
0.995464
1.572721
0.448296
0.931251
1.340601
0.382132
0.795693
1.153084
0.328682
0.599176
1.024529
0.292038
0.356754
0.964819
0.275018
0.087001
0.978603
0.278947
-0.189418
1.064801
0.303517
-0.451325
1.216738
0.346826
-0.678655
1.422761
0.405551
-0.853992
1.667096
0.475197
-0.963903
1.931035
0.550431
-0.999967
2.194364
0.625492
-0.959421
2.436913
0.694629
-0.845372
2.640101
0.752547
-0.666558
2.788364
0.794808
-0.436677
2.870344
0.818176
-0.173341
2.548973
1.581651
0.000000
2.516423
1.561454
0.274125
2.421267
1.502409
0.527250
2.270795
1.409041
0.739980
2.076534
1.288501
0.896019
1.853365
1.150024
0.983412
1.618383
1.004217
0.995464
1.389586
0.862247
0.931251
1.184495
0.734988
0.795693
1.018813
0.632182
0.599176
0.905227
0.561702
0.356754
0.852470
0.528966
0.087001
0.864649
0.536523
-0.189418
0.940810
0.583781
-0.451325
1.075055
0.667080
-0.678655
1.257088
0.780032
-0.853992
1.472972
0.913988
-0.963903
1.706177
1.058693
-0.999967
1.938843
1.203063
-0.959421
2.153148
1.336040
-0.845372
2.332677
1.447439
-0.666558
2.463676
1.528724
-0.436677
2.536109
1.573669
-0.173341
2.017760
2.219803
0.000000
1.991994
2.191457
0.274125
1.916669
2.108589
0.527250
1.797556
1.977549
0.739980
1.643779
1.808375
0.896019
1.467119
1.614026
0.983412
1.281107
1.409389
0.995464
1.099992
1.210139
0.931251
0.937642
1.031535
0.795693
0.806488
0.887249
0.599176
0.716573
0.788332
0.356754
0.674811
0.742389
0.087001
0.684451
0.752995
-0.189418
0.744741
0.819320
-0.451325
0.851009
0.936228
-0.678655
0.995107
1.094753
-0.853992
1.166000
1.282757
-0.963903
1.350605
1.485846
-0.999967
1.534783
1.688465
-0.959421
1.704426
1.875095
-0.845372
1.846541
2.031439
-0.666558
1.950239
2.145521
-0.436677
2.007578
2.208601
-0.173341
1.331963
2.687890
0.000000
1.314954
2.653567
0.274125
1.265230
2.553225
0.527250
1.186601
2.394553
0.739980
1.085090
2.189705
0.896019
0.968473
1.954374
0.983412
0.845683
1.706586
0.995464
0.726124
1.465320
0.931251
0.618954
1.249053
0.795693
0.532376
1.074342
0.599176
0.473020
0.954566
0.356754
0.445451
0.898935
0.087001
0.451816
0.911777
-0.189418
0.491614
0.992088
-0.451325
0.561765
1.133649
-0.678655
0.656887
1.325601
-0.853992
0.769698
1.553250
-0.963903
0.891560
1.799164
-0.999967
1.013139
2.044510
-0.959421
1.125125
2.270494
-0.845372
1.218937
2.459807
-0.666558
1.287391
2.597945
-0.436677
1.325241
2.674326
-0.173341
0.544121
2.950052
0.000000
0.537173
2.912381
0.274125
0.516860
2.802253
0.527250
0.484739
2.628104
0.739980
0.443270
2.403277
0.896019
0.395630
2.144992
0.983412
0.345469
1.873036
0.995464
0.296627
1.608239
0.931251
0.252845
1.370878
0.795693
0.217476
1.179126
0.599176
0.193227
1.047668
0.356754
0.181964
0.986610
0.087001
0.184564
1.000705
-0.189418
0.200824
1.088849
-0.451325
0.229483
1.244218
-0.678655
0.268342
1.454892
-0.853992
0.314427
1.704745
-0.963903
0.364210
1.974644
-0.999967
0.413877
2.243920
-0.959421
0.459625
2.491946
-0.845372
0.497949
2.699723
-0.666558
0.525913
2.851334
-0.436677
0.541375
2.935165
-0.173341
-0.285407
2.986204
0.000000
-0.281762
2.948071
0.274125
-0.271108
2.836593
0.527250
-0.254260
2.660311
0.739980
-0.232510
2.432728
0.896019
-0.207522
2.171278
0.983412
-0.181213
1.895989
0.995464
-0.155596
1.627946
0.931251
-0.132634
1.387676
0.795693
-0.114085
1.193574
0.599176
-0.101370
1.060504
0.356754
-0.095464
0.998698
0.087001
-0.096828
1.012966
-0.189418
-0.105353
1.102191
-0.451325
-0.120382
1.259463
-0.678655
-0.140761
1.472720
-0.853992
-0.164932
1.725635
-0.963903
-0.191042
1.998842
-0.999967
-0.217093
2.271418
-0.959421
-0.241088
2.522483
-0.845372
-0.261189
2.732807
-0.666558
-0.275856
2.886276
-0.436677
-0.283967
2.971135
-0.173341
-1.093069
2.793577
0.000000
-1.079111
2.757903
0.274125
-1.038306
2.653616
0.527250
-0.973780
2.488705
0.739980
-0.890476
2.275802
0.896019
-0.794776
2.031217
0.983412
-0.694010
1.773685
0.995464
-0.595898
1.522932
0.931251
-0.507952
1.298160
0.795693
-0.436907
1.116578
0.599176
-0.388201
0.992091
0.356754
-0.365580
0.934271
0.087001
-0.370802
0.947618
-0.189418
-0.403459
1.031089
-0.451325
-0.461023
1.178218
-0.678655
-0.539081
1.377719
-0.853992
-0.631655
1.614320
-0.963903
-0.731658
1.869904
-0.999967
-0.831431
2.124897
-0.959421
-0.923330
2.359768
-0.845372
-1.000316
2.556524
-0.666558
-1.056491
2.700094
-0.436677
-1.087553
2.779479
-0.173341
-1.816987
2.386927
0.000000
-1.793785
2.356446
0.274125
-1.725955
2.267340
0.527250
-1.618695
2.126434
0.739980
-1.480220
1.944522
0.896019
-1.321139
1.735540
0.983412
-1.153638
1.515495
0.995464
-0.990546
1.301243
0.931251
-0.844354
1.109189
0.795693
-0.726255
0.954037
0.599176
-0.645292
0.847669
0.356754
-0.607690
0.798263
0.087001
-0.616370
0.809668
-0.189418
-0.670655
0.880991
-0.451325
-0.766344
1.006705
-0.678655
-0.896099
1.177167
-0.853992
-1.049985
1.379328
-0.963903
-1.216219
1.597708
-0.999967
-1.382070
1.815583
-0.959421
-1.534833
2.016265
-0.845372
-1.662806
2.184381
-0.666558
-1.756185
2.307052
-0.436677
-1.807818
2.374881
-0.173341
-2.401702
1.797410
0.000000
-2.371033
1.774457
0.274125
-2.281375
1.707358
0.527250
-2.139597
1.601252
0.739980
-1.956560
1.464268
0.896019
-1.746286
1.306900
0.983412
-1.524881
1.141201
0.995464
-1.309305
0.979863
0.931251
-1.116067
0.835240
0.795693
-0.959962
0.718405
0.599176
-0.852945
0.638301
0.356754
-0.803243
0.601091
0.087001
-0.814716
0.609682
-0.189418
-0.886470
0.663396
-0.451325
-1.012953
0.758066
-0.678655
-1.184464
0.886430
-0.853992
-1.387873
1.038663
-0.963903
-1.607602
1.203109
-0.999967
-1.826825
1.367175
-0.959421
-2.028748
1.518293
-0.845372
-2.197903
1.644888
-0.666558
-2.321333
1.737262
-0.436677
-2.389582
1.788339
-0.173341
-2.802417
1.070191
0.000000
-2.766630
1.056525
0.274125
-2.662014
1.016573
0.527250
-2.496580
0.953397
0.739980
-2.283004
0.871836
0.896019
-2.037645
0.778137
0.983412
-1.779300
0.679478
0.995464
-1.527755
0.583416
0.931251
-1.302274
0.497305
0.795693
-1.120122
0.427736
0.599176
-0.995249
0.380031
0.356754
-0.937259
0.357850
0.087001
-0.950644
0.362974
-0.189418
-1.034367
0.394978
-0.451325
-1.181954
0.451353
-0.678655
-1.382084
0.527784
-0.853992
-1.619431
0.618426
-0.963903
-1.875823
0.716339
-0.999967
-2.131622
0.814025
-0.959421
-2.367236
0.904002
-0.845372
-2.564614
0.979378
-0.666558
-2.708638
1.034379
-0.436677
-2.788274
1.064790
-0.173341
-2.988433
0.260984
0.000000
-2.950271
0.257651
0.274125
-2.838710
0.247909
0.527250
-2.662296
0.232502
0.739980
-2.434543
0.212612
0.896019
-2.172898
0.189762
0.983412
-1.897403
0.165702
0.995464
-1.629160
0.142275
0.931251
-1.388712
0.121276
0.795693
-1.194466
0.104309
0.599176
-1.061299
0.092668
0.356754
-0.999459
0.087131
0.087001
-1.013729
0.088478
-0.189418
-1.103016
0.096318
-0.451325
-1.260404
0.110069
-0.678655
-1.473819
0.128709
-0.853992
-1.726922
0.150813
-0.963903
-2.000333
0.174691
-0.999967
-2.273112
0.198514
-0.959421
-2.524365
0.220456
-0.845372
-2.734846
0.238838
-0.666558
-2.888430
0.252251
-0.436677
-2.973352
0.259667
-0.173341
-2.945501
-0.568217
0.000000
-2.907887
-0.560961
0.274125
-2.797929
-0.539749
0.527250
-2.624049
-0.506205
0.739980
-2.399568
-0.462900
0.896019
-2.141682
-0.413151
0.983412
-1.870145
-0.360768
0.995464
-1.605756
-0.309763
0.931251
-1.368762
-0.264043
0.795693
-1.177308
-0.227103
0.599176
-1.046057
-0.201765
0.356754
-0.985109
-0.189921
0.087001
-0.999174
-0.192681
-0.189418
-1.087173
-0.209707
-0.451325
-1.242298
-0.239644
-0.678655
-1.452647
-0.280226
-0.853992
-1.702114
-0.328352
-0.963903
-1.971596
-0.380339
-0.999967
-2.240457
-0.432206
-0.959421
-2.488100
-0.479979
-0.845372
-2.695557
-0.520000
-0.666558
-2.846934
-0.549202
-0.436677
-2.930636
-0.565349
-0.173341
-2.676909
-1.353887
0.000000
-2.642726
-1.336598
0.274125
-2.542794
-1.286056
0.527250
-2.384770
-1.206132
0.739980
-2.180759
-1.102950
0.896019
-1.946389
-0.984413
0.983412
-1.699614
-0.859601
0.995464
-1.459334
-0.738073
0.931251
-1.243953
-0.629136
0.795693
-1.069959
-0.541128
0.599176
-0.950679
-0.480784
0.356754
-0.895284
-0.452744
0.087001
-0.908071
-0.459219
-0.189418
-0.988045
-0.499690
-0.451325
-1.129022
-0.571004
-0.678655
-1.320188
-0.667695
-0.853992
-1.546905
-0.782365
-0.963903
-1.791814
-0.906233
-0.999967
-2.036157
-1.029814
-0.959421
-2.261218
-1.143643
-0.845372
-2.449757
-1.239000
-0.666558
-2.587331
-1.308581
-0.436677
-2.663400
-1.347054
-0.173341
-2.203234
-2.035834
0.000000
-2.175099
-2.009837
0.274125
-2.092850
-1.933837
0.527250
-1.962789
-1.813656
0.739980
-1.794877
-1.658502
0.896019
-1.601979
-1.480258
0.983412
-1.398871
-1.292580
0.995464
-1.201110
-1.109841
0.931251
-1.023841
-0.946036
0.795693
-0.880636
-0.813704
0.599176
-0.782463
-0.722978
0.356754
-0.736867
-0.680836
0.087001
-0.747392
-0.690565
-0.189418
-0.813216
-0.751400
-0.451325
-0.929247
-0.858625
-0.678655
-1.086586
-1.004016
-0.853992
-1.273185
-1.176441
-0.963903
-1.474756
-1.362700
-0.999967
-1.675863
-1.548529
-0.959421
-1.861099
-1.719692
-0.845372
-2.016276
-1.863080
-0.666558
-2.129506
-1.967708
-0.436677
-2.192115
-2.025560
-0.173341
-1.560764
-2.561812
0.000000
-1.540833
-2.529099
0.274125
-1.482568
-2.433464
0.527250
-1.390433
-2.282233
0.739980
-1.271486
-2.086993
0.896019
-1.134838
-1.862700
0.983412
-0.990957
-1.626533
0.995464
-0.850864
-1.396583
0.931251
-0.725288
-1.190459
0.795693
-0.623843
-1.023940
0.599176
-0.554298
-0.909780
0.356754
-0.521997
-0.856755
0.087001
-0.529454
-0.868996
-0.189418
-0.576084
-0.945543
-0.451325
-0.658279
-1.080466
-0.678655
-0.769736
-1.263417
-0.853992
-0.901922
-1.480389
-0.963903
-1.044714
-1.714770
-0.999967
-1.187176
-1.948608
-0.959421
-1.318397
-2.163993
-0.845372
-1.428324
-2.344427
-0.666558
-1.508535
-2.476085
-0.436677
-1.552887
-2.548884
-0.173341
-0.798719
-2.891525
0.000000
-0.788520
-2.854601
0.274125
-0.758703
-2.746658
0.527250
-0.711553
-2.575964
0.739980
-0.650682
-2.355596
0.896019
-0.580753
-2.102436
0.983412
-0.507123
-1.835875
0.995464
-0.435431
-1.576330
0.931251
-0.371169
-1.343678
0.795693
-0.319255
-1.155729
0.599176
-0.283667
-1.026878
0.356754
-0.267137
-0.967031
0.087001
-0.270953
-0.980846
-0.189418
-0.294815
-1.067243
-0.451325
-0.336878
-1.219530
-0.678655
-0.393915
-1.426026
-0.853992
-0.461559
-1.670922
-0.963903
-0.534633
-1.935467
-0.999967
-0.607537
-2.199401
-0.959421
-0.674689
-2.442506
-0.845372
-0.730943
-2.646162
-0.666558
-0.771991
-2.794765
-0.436677
-0.794688
-2.876933
-0.173341
0.024518
-2.999712
0.000000
0.024205
-2.961407
0.274125
0.023289
-2.849425
0.527250
0.021842
-2.672345
0.739980
0.019972
-2.443732
0.896019
0.017825
-2.181100
0.983412
0.015564
-1.904565
0.995464
0.013362
-1.635310
0.931251
0.011387
-1.393954
0.795693
0.009791
-1.198974
0.599176
0.008696
-1.065302
0.356754
0.008187
-1.003217
0.087001
0.008305
-1.017549
-0.189418
0.009039
-1.107177
-0.451325
0.010333
-1.265161
-0.678655
0.012086
-1.479383
-0.853992
0.014164
-1.733441
-0.963903
0.016409
-2.007884
-0.999967
0.018648
-2.281692
-0.959421
0.020710
-2.533894
-0.845372
0.022437
-2.745168
-0.666558
0.023697
-2.899332
-0.436677
0.024394
-2.984574
-0.173341
0.845877
-2.878085
0.000000
0.835075
-2.841332
0.274125
0.803498
-2.733891
0.527250
0.753563
-2.563991
0.739980
0.689097
-2.344648
0.896019
0.615038
-2.092664
0.983412
0.537058
-1.827343
0.995464
0.461131
-1.569005
0.931251
0.393071
-1.337435
0.795693
0.338087
-1.150361
0.599176
0.300392
-1.022110
0.356754
0.282884
-0.962542
0.087001
0.286926
-0.976293
-0.189418
0.312201
-1.062287
-0.451325
0.356752
-1.213865
-0.678655
0.417161
-1.419400
-0.853992
0.488803
-1.663157
-0.963903
0.566193
-1.926472
-0.999967
0.643404
-2.189178
-0.959421
0.714522
-2.431153
-0.845372
0.774099
-2.633862
-0.666558
0.817571
-2.781774
-0.436677
0.841608
-2.863560
-0.173341
1.602431
-2.535960
0.000000
1.581969
-2.503577
0.274125
1.522148
-2.408907
0.527250
1.427553
-2.259203
0.739980
1.305429
-2.065934
0.896019
1.165131
-1.843905
0.983412
1.017408
-1.610123
0.995464
0.873572
-1.382494
0.931251
0.744640
-1.178452
0.795693
0.640482
-1.013616
0.599176
0.569074
-0.900611
0.356754
0.535907
-0.848124
0.087001
0.543564
-0.860240
-0.189418
0.591444
-0.936012
-0.451325
0.675839
-1.069571
-0.678655
0.790276
-1.250673
-0.853992
0.925994
-1.465454
-0.963903
1.072600
-1.697468
-0.999967
1.218868
-1.928946
-0.959421
1.353593
-2.142157
-0.845372
1.466455
-2.320769
-0.666558
1.548809
-2.451099
-0.436677
1.594345
-2.523163
-0.173341
2.236220
-1.999550
0.000000
2.207664
-1.974016
0.274125
2.124184
-1.899371
0.527250
1.992174
-1.781333
0.739980
1.821749
-1.628945
0.896019
1.625962
-1.453879
0.983412
1.419811
-1.269547
0.995464
1.219087
-1.090067
0.931251
1.039160
-0.929184
0.795693
0.893806
-0.799215
0.599176
0.794157
-0.710113
0.356754
0.747873
-0.668728
0.087001
0.758557
-0.678282
-0.189418
0.825374
-0.738026
-0.451325
0.943148
-0.843334
-0.678655
1.102846
-0.986129
-0.853992
1.292241
-1.155480
-0.963903
1.496833
-1.338417
-0.999967
1.700952
-1.520933
-0.959421
1.888962
-1.689045
-0.845372
2.046463
-1.829876
-0.666558
2.161389
-1.932639
-0.436677
2.224935
-1.989460
-0.173341
2.698687
-1.309950
0.000000
2.664226
-1.293222
0.274125
2.563481
-1.244321
0.527250
2.404171
-1.166991
0.739980
2.198500
-1.067158
0.896019
1.962223
-0.952469
0.983412
1.713439
-0.831709
0.995464
1.471204
-0.714128
0.931251
1.254068
-0.608730
0.795693
1.078654
-0.523584
0.599176
0.958396
-0.465211
0.356754
0.902541
-0.438099
0.087001
0.915435
-0.444358
-0.189418
0.996069
-0.483497
-0.451325
1.138199
-0.552487
-0.678655
1.330924
-0.646036
-0.853992
1.559488
-0.756981
-0.963903
1.806390
-0.876827
-0.999967
2.052721
-0.996397
-0.959421
2.279614
-1.106531
-0.845372
2.469687
-1.198793
-0.666558
2.608380
-1.266115
-0.436677
2.685069
-1.303340
-0.173341
2.954402
-0.519992
0.000000
2.916675
-0.513352
0.274125
2.806384
-0.493940
0.527250
2.631979
-0.463244
0.739980
2.406820
-0.423614
0.896019
2.148154
-0.378088
0.983412
1.875797
-0.330151
0.995464
