
=== Last Positions of Bodies ===
ID     X               Y               Z              
0      -0.276484       -0.771433       0.000000       
1      0.582326        -0.966816       0.000000       
2      -2.656728       -1.383268       0.555570       
3      -2.350979       -1.265664       0.707107       
4      -1.830739       -1.149317       0.831470       
5      -0.791355       -0.955108       0.923880       
6      0.832405        -0.607064       0.980785       
7      1.552386        -0.459146       1.000000       
8      1.611178        -0.425823       0.980785       
9      -0.137436       -0.715544       0.923880       
10     -1.651712       -1.230379       0.831470       
11     0.425547        -0.563990       0.707107       
12     -0.112439       -0.665697       0.555570       
13     -1.037507       -1.715187       0.382683       
14     -0.030805       -1.414827       0.195090       
15     -0.272858       -0.796735       -0.000000      
16     -0.037800       -1.414685       -0.195091      
17     -1.049666       -1.705534       -0.382684      
18     -0.092835       -0.660836       -0.555571      
19     0.429426        -0.562236       -0.707107      
20     -1.646386       -1.229918       -0.831470      
21     -0.164083       -0.723126       -0.923880      
22     1.604022        -0.441930       -0.980785      
23     1.556489        -0.477332       -1.000000      
24     0.791631        -0.624509       -0.980785      
25     -0.798876       -0.945667       -0.923879      
26     -1.840618       -1.132115       -0.831469      
27     -2.390584       -1.250497       -0.707106      
28     -2.662397       -1.373488       -0.555569      
29     -2.712622       -1.524180       -0.382682      
30     -2.527296       -1.863339       -0.195089      
31     -1.769171       0.255714        0.000000       
32     -2.282616       -2.465705       0.195090       
33     -2.542710       -2.082878       0.382683       
34     -2.541809       -1.892821       0.555570       
35     -2.283439       -1.705465       0.707107       
36     -1.796502       -1.488082       0.831470       
37     -0.789362       -1.080540       0.923880       
38     0.755210        -0.425749       0.980785       
39     1.452638        -0.153758       1.000000       
40     1.531165        -0.115143       0.980785       
41     -0.126370       -0.692063       0.923880       
42     -1.567672       -1.463745       0.831470       
43     0.405663        -0.435091       0.707107       
44     -0.144545       -0.635329       0.555570       
45     -1.030491       -1.719655       0.382683       
46     -0.031868       -1.186357       0.195090       
47     0.111486        -0.325855       -0.000000      
48     -0.046656       -1.184580       -0.195091      
49     -1.048343       -1.700864       -0.382684      
50     -0.135346       -0.634194       -0.555571      
51     0.350372        -0.477615       -0.707107      
52     -1.562459       -1.463534       -0.831470      
53     -0.131113       -0.697406       -0.923880      
54     1.511380        -0.131377       -0.980785      
55     1.456573        -0.178148       -1.000000      
56     0.720010        -0.453622       -0.980785      
57     -0.849684       -1.078380       -0.923879      
58     -1.821340       -1.453880       -0.831469      
59     -2.335243       -1.674577       -0.707106      
60     -2.564686       -1.849545       -0.555569      
61     -2.586610       -2.048320       -0.382682      
62     -2.315550       -2.449570       -0.195089      
63     0.724427        -2.278290       0.000000       
64     -1.982556       -2.946098       0.195090       
65     -2.326038       -2.557891       0.382683       
66     -2.349315       -2.328156       0.555570       
67     -2.154041       -2.098430       0.707107       
68     -1.716594       -1.787493       0.831470       
69     -0.775465       -1.190632       0.923880       
70     0.650729        -0.280878       0.980785       
71     1.316141        0.116946        1.000000       
72     1.399151        0.167727        0.980785       
73     -0.103304       -0.658627       0.923880       
74     -1.457047       -1.661194       0.831470       
75     0.293765        -0.389901       0.707107       
76     -0.138974       -0.587607       0.555570       
77     -0.999455       -1.737121       0.382683       
78     -0.159553       -0.932228       0.195090       
79     42.726921       52.963566       -0.000000      
80     -0.174538       -0.920036       -0.195091      
81     -1.027403       -1.700586       -0.382684      
82     -0.145719       -0.601549       -0.555571      
83     0.284848        -0.394617       -0.707107      
84     -1.458659       -1.657053       -0.831470      
85     -0.112946       -0.669688       -0.923880      
86     1.388228        0.156758        -0.980785      
87     1.311824        0.091503        -1.000000      
88     0.630052        -0.303639       -0.980785      
89     -0.807427       -1.188705       -0.923879      
90     -1.723751       -1.764246       -0.831469      
91     -2.184737       -2.085048       -0.707106      
92     -2.361776       -2.310574       -0.555569      
93     -2.339777       -2.539671       -0.382682      
94     -1.985134       -2.942837       -0.195089      
95     1.645956        -3.702528       0.000000       
96     -1.564276       -3.345703       0.195090       
97     -2.043729       -2.942717       0.382683       
98     -2.097333       -2.696382       0.555570       
99     -1.958883       -2.434389       0.707107       
100    -1.584414       -2.047773       0.831470       
101    -0.736193       -1.280541       0.923880       
102    0.524251        -0.167744       0.980785       
103    1.140528        0.345846        1.000000       
104    1.214774        0.408010        0.980785       
105    -0.123350       -0.647599       0.923880       
106    -1.327625       -1.830000       0.831470       
107    0.265145        -0.271882       0.707107       
108    -0.184072       -0.614058       0.555570       
109    -0.926134       -1.781653       0.382683       
110    -0.352109       -0.747191       0.195090       
111    -2.296137       1.999353        -0.000000      
112    -0.330412       -0.761182       -0.195091      
113    -0.948878       -1.753983       -0.382684      
114    -0.177426       -0.605316       -0.555571      
115    0.251129        -0.282013       -0.707107      
116    -1.329930       -1.828577       -0.831470      
117    -0.128825       -0.662080       -0.923880      
118    1.235921        0.399893        -0.980785      
119    1.140403        0.335997        -1.000000      
120    0.526085        -0.169600       -0.980785      
121    -0.700789       -1.249135       -0.923879      
122    -1.568239       -2.037027       -0.831469      
123    -1.949804       -2.441922       -0.707106      
124    -2.088631       -2.711398       -0.555569      
125    -2.016008       -2.955750       -0.382682      
126    -1.540887       -3.346141       -0.195089      
127    -0.498650       -0.471777       0.000000       
128    -1.084597       -3.627456       0.195090       
129    -1.649902       -3.278868       0.382683       
130    -1.777256       -3.014352       0.555570       
131    -1.666678       -2.690399       0.707107       
132    -1.349755       -2.232416       0.831470       
133    -0.592501       -1.266019       0.923880       
134    0.425002        -0.031535       0.980785       
135    0.946801        0.554971        1.000000       
136    0.996302        0.619031        0.980785       
137    -0.200864       -0.711386       0.923880       
138    -1.169014       -1.970246       0.831470       
139    0.219018        -0.155241       0.707107       
140    -0.235609       -0.688525       0.555570       
141    -0.823368       -1.822845       0.382683       
142    -0.404570       -0.695669       0.195090       
143    1.803949        -2.877091       -0.000000      
144    -0.393258       -0.704754       -0.195091      
145    -0.824347       -1.832141       -0.382684      
146    -0.247587       -0.714523       -0.555571      
147    0.224489        -0.152074       -0.707107      
148    -1.163428       -1.979713       -0.831470      
149    -0.181430       -0.687639       -0.923880      
150    1.005281        0.601290        -0.980785      
151    0.945264        0.542130        -1.000000      
152    0.424600        -0.034897       -0.980785      
153    -0.577856       -1.249333       -0.923879      
154    -1.333848       -2.207412       -0.831469      
155    -1.665613       -2.707992       -0.707106      
156    -1.768488       -3.004460       -0.555569      
157    -1.657171       -3.261084       -0.382682      
158    -1.085935       -3.616569       -0.195089      
159    1.591578        -3.202181       0.000000       
160    -0.654806       -3.788357       0.195090       
161    -1.279289       -3.479048       0.382683       
162    -1.402616       -3.206135       0.555570       
163    -1.320621       -2.856214       0.707107       
164    -1.076702       -2.315063       0.831470       
165    -0.446514       -1.173281       0.923880       
166    0.307161        0.087617        0.980785       
167    0.730845        0.728129        1.000000       
168    0.751157        0.772400        0.980785       
169    -0.254611       -0.788439       0.923880       
170    -0.992486       -2.092303       0.831470       
171    0.164876        -0.038326       0.707107       
172    -0.291450       -0.824218       0.555570       
173    -0.676928       -1.869541       0.382683       
174    -0.350060       -0.732141       0.195090       
175    -15.127603      -5.429348       -0.000000      
176    -0.308393       -0.788218       -0.195091      
177    -0.675459       -1.881653       -0.382684      
178    -0.295045       -0.833216       -0.555571      
179    0.162296        -0.045182       -0.707107      
180    -0.998132       -2.086246       -0.831470      
181    -0.211935       -0.713613       -0.923880      
182    0.758650        0.753982        -0.980785      
183    0.732825        0.719400        -1.000000      
184    0.311276        0.090502        -0.980785      
185    -0.450276       -1.177462       -0.923879      
186    -1.056766       -2.262070       -0.831469      
187    -1.343599       -2.842596       -0.707106      
188    -1.429452       -3.188858       -0.555569      
189    -1.289134       -3.462566       -0.382682      
190    -0.659422       -3.776203       -0.195089      
191    3.888222        -5.601614       0.000000       
192    -0.426489       -3.826121       0.195090       
193    -0.975018       -3.544929       0.382683       
194    -1.066280       -3.296307       0.555570       
195    -1.010267       -2.961100       0.707107       
196    -0.802557       -2.295647       0.831470       
197    -0.349950       -1.086106       0.923880       
198    0.160496        0.170750        0.980785       
199    0.493129        0.867209        1.000000       
200    0.500470        0.864713        0.980785       
201    -0.280541       -0.869579       0.923880       
202    -0.803653       -2.184784       0.831470       
203    0.080796        0.063852        0.707107       
204    -0.340166       -1.007747       0.555570       
205    -0.551137       -1.808593       0.382683       
206    -0.236328       -0.935617       0.195090       
207    -8.194232       4.024683        -0.000000      
208    -0.232777       -0.949157       -0.195091      
209    -0.572440       -1.791787       -0.382684      
210    -0.336956       -0.996504       -0.555571      
211    0.089979        0.062867        -0.707107      
212    -0.823032       -2.167953       -0.831470      
213    -0.255233       -0.808119       -0.923880      
214    0.502476        0.862780        -0.980785      
215    0.478784        0.860838        -1.000000      
216    0.170533        0.198157        -0.980785      
217    -0.359579       -1.122766       -0.923879      
218    -0.800025       -2.294380       -0.831469      
219    -1.008172       -2.928065       -0.707106      
220    -1.067466       -3.305670       -0.555569      
221    -0.965776       -3.554103       -0.382682      
222    -0.421652       -3.818338       -0.195089      
223    0.094260        -0.624825       0.000000       
224    -0.742157       -3.618647       0.195090       
225    -0.803228       -3.464526       0.382683       
226    -0.774662       -3.298617       0.555570       
227    -0.699172       -2.944123       0.707107       
228    -0.559169       -2.247283       0.831470       
229    -0.297532       -1.056517       0.923880       
230    0.000800        0.245665        0.980785       
231    0.218514        0.975912        1.000000       
232    0.221795        0.922551        0.980785       
233    -0.290454       -0.991130       0.923880       
234    -0.615484       -2.238586       0.831470       
235    -0.006103       0.164739        0.707107       
236    -0.363209       -1.211019       0.555570       
237    -0.445731       -1.463760       0.382683       
238    -0.286642       -1.185630       0.195090       
239    -9.058581       -12.150007      -0.000000      
240    -0.266790       -1.152381       -0.195091      
241    -0.456126       -1.437450       -0.382684      
242    -0.382286       -1.248107       -0.555571      
243    0.004579        0.161786        -0.707107      
244    -0.632365       -2.228605       -0.831470      
245    -0.286738       -0.980738       -0.923880      
246    0.223771        0.935614        -0.980785      
247    0.213322        0.969751        -1.000000      
248    0.007169        0.268290        -0.980785      
249    -0.298755       -1.060488       -0.923879      
250    -0.561811       -2.231374       -0.831469      
251    -0.697248       -2.928569       -0.707106      
252    -0.763881       -3.300312       -0.555569      
253    -0.786706       -3.481072       -0.382682      
254    -0.718800       -3.626799       -0.195089      
255    0.892783        -2.641663       0.000000       
256    -1.024796       -2.937122       0.195090       
257    -0.631687       -3.319959       0.382683       
258    -0.486033       -3.230395       0.555570       
259    -0.406841       -2.886350       0.707107       
260    -0.344910       -2.185160       0.831470       
261    -0.262394       -1.023935       0.923880       
262    -0.165849       0.323129        0.980785       
263    -0.063988       1.044455        1.000000       
264    -0.055015       0.936137        0.980785       
265    -0.264327       -1.112228       0.923880       
266    -0.428147       -2.251275       0.831470       
267    -0.105205       0.250696        0.707107       
268    -0.351121       -1.408838       0.555570       
269    -0.218241       -0.687262       0.382683       
270    -0.438253       -1.295248       0.195090       
271    3.929840        4.865091        -0.000000      
272    -0.462172       -1.302683       -0.195091      
273    -0.211273       -0.665121       -0.382684      
274    -0.368332       -1.441905       -0.555571      
275    -0.111002       0.239635        -0.707107      
276    -0.430134       -2.252185       -0.831470      
277    -0.263669       -1.118143       -0.923880      
278    -0.056827       0.951835        -0.980785      
279    -0.057499       1.043601        -1.000000      
280    -0.165333       0.315985        -0.980785      
281    -0.263048       -0.990868       -0.923879      
282    -0.349844       -2.173735       -0.831469      
283    -0.410291       -2.878550       -0.707106      
284    -0.492765       -3.215458       -0.555569      
285    -0.644910       -3.316267       -0.382682      
286    -1.029314       -2.927454       -0.195089      
287    -7.573314       -7.014903       0.000000       
288    -0.835262       -2.860440       0.195090       
289    -0.389957       -3.221209       0.382683       
290    -0.196749       -3.156123       0.555570       
291    -0.128752       -2.810500       0.707107       
292    -0.149057       -2.113903       0.831470       
293    -0.238362       -1.004177       0.923880       
294    -0.350171       0.370668        0.980785       
295    -0.358996       1.066612        1.000000       
296    -0.318339       0.875390        0.980785       
297    -0.201369       -1.239215       0.923880       
298    -0.224096       -2.234511       0.831470       
299    -0.231667       0.309392        0.707107       
300    -0.285053       -1.536256       0.555570       
301    -0.004905       0.040412        0.382683       
302    -0.668457       -1.356321       0.195090       
303    6.522736        -4.422537       -0.000000      
304    -0.690014       -1.355431       -0.195091      
305    -0.034268       -0.009893       -0.382684      
306    -0.284252       -1.535629       -0.555571      
307    -0.237522       0.308639        -0.707107      
308    -0.216276       -2.237950       -0.831470      
309    -0.200322       -1.231745       -0.923880      
310    -0.329380       0.901100        -0.980785      
311    -0.357979       1.066805        -1.000000      
312    -0.354362       0.356863        -0.980785      
313    -0.241662       -0.930796       -0.923879      
314    -0.138013       -2.108098       -0.831469      
315    -0.108933       -2.808615       -0.707106      
316    -0.178560       -3.144379       -0.555569      
317    -0.378092       -3.226801       -0.382682      
318    -0.841331       -2.854319       -0.195089      
319    -0.042420       -0.560845       0.000000       
320    -0.507255       -3.039543       0.195090       
321    -0.037823       -3.197458       0.382683       
322    0.157618        -3.082173       0.555570       
323    0.180413        -2.723899       0.707107       
324    0.051649        -2.043883       0.831470       
325    -0.237946       -0.898158       0.923880       
326    -0.553494       0.384933        0.980785       
327    -0.667527       1.040524        1.000000       
328    -0.569058       0.769718        0.980785       
329    -0.098184       -1.340454       0.923880       
330    -0.014101       -2.177227       0.831470       
331    -0.385546       0.341841        0.707107       
332    -0.171819       -1.590610       0.555570       
333    0.058915        0.129191        0.382683       
334    -0.903058       -1.483883       0.195090       
335    0.094486        -13.282248      -0.000000      
336    -0.861054       -1.458870       -0.195091      
337    0.045081        0.150400        -0.382684      
338    -0.163799       -1.578611       -0.555571      
339    -0.396947       0.339692        -0.707107      
340    -0.009156       -2.174012       -0.831470      
341    -0.098726       -1.330360       -0.923880      
342    -0.582167       0.788438        -0.980785      
343    -0.666586       1.041591        -1.000000      
344    -0.554497       0.390889        -0.980785      
345    -0.246357       -0.862083       -0.923879      
346    0.058264        -2.027427       -0.831469      
347    0.207707        -2.718919       -0.707106      
348    0.197964        -3.081625       -0.555569      
349    0.010911        -3.202977       -0.382682      
350    -0.472854       -3.041198       -0.195089      
351    0.418143        -0.348098       0.000000       
352    0.007800        -3.182023       0.195090       
353    0.441378        -3.174165       0.382683       
354    0.569561        -2.979936       0.555570       
355    0.508766        -2.602949       0.707107       
356    0.242931        -1.929683       0.831470       
357    -0.238220       -0.863348       0.923880       
358    -0.780726       0.396618        0.980785       
359    -0.976608       0.959457        1.000000       
360    -0.806157       0.629213        0.980785       
361    0.038236        -1.408203       0.923880       
362    0.150887        -2.053326       0.831470       
363    -0.572067       0.327607        0.707107       
364    -0.034846       -1.615722       0.555570       
365    -0.037604       -0.102547       0.382683       
366    -0.715440       -1.106185       0.195090       
367    -1.246834       0.043661        -0.000000      
368    -0.741631       -1.147674       -0.195091      
369    -0.038145       -0.079648       -0.382684      
370    -0.022496       -1.582365       -0.555571      
371    -0.580465       0.326681        -0.707107      
372    0.161316        -2.054810       -0.831470      
373    0.035541        -1.400274       -0.923880      
374    -0.794717       0.641358        -0.980785      
375    -0.964209       0.962223        -1.000000      
376    -0.782997       0.414026        -0.980785      
377    -0.269976       -0.795364       -0.923879      
378    0.241928        -1.914443       -0.831469      
379    0.510841        -2.580347       -0.707106      
380    0.582774        -2.971589       -0.555569      
381    0.462671        -3.170040       -0.382682      
382    0.035350        -3.188335       -0.195089      
383    0.612528        4.997017        0.000000       
384    0.552033        -3.188122       0.195090       
385    0.910191        -3.038765       0.382683       
386    0.964601        -2.795743       0.555570       
387    0.819784        -2.416811       0.707107       
388    0.436020        -1.805155       0.831470       
389    -0.268002       -0.800632       0.923880       
390    -1.031894       0.357231        0.980785       
391    -1.279112       0.809232        1.000000       
392    -0.993769       0.440438        0.980785       
393    0.197854        -1.426776       0.923880       
394    0.287237        -1.887635       0.831470       
395    -0.771418       0.272065        0.707107       
396    0.120595        -1.595009       0.555570       
397    -0.170977       -0.291768       0.382683       
398    -0.349340       -0.804661       0.195090       
399    0.100930        -0.116488       -0.000000      
400    -0.358505       -0.811579       -0.195091      
401    -0.177573       -0.277811       -0.382684      
402    0.128736        -1.566591       -0.555571      
403    -0.769262       0.275484        -0.707107      
404    0.304491        -1.894796       -0.831470      
405    0.199919        -1.433698       -0.923880      
406    -0.993883       0.454941        -0.980785      
407    -1.283615       0.807889        -1.000000      
408    -1.041486       0.371787        -0.980785      
409    -0.305198       -0.745029       -0.923879      
410    0.435234        -1.789842       -0.831469      
411    0.811113        -2.397935       -0.707106      
412    0.949895        -2.787254       -0.555569      
413    0.896406        -3.041162       -0.382682      
414    0.538326        -3.171469       -0.195089      
415    0.054826        -1.646729       0.000000       
416    1.115919        -3.007568       0.195090       
417    1.392199        -2.790611       0.382683       
418    1.359314        -2.513762       0.555570       
419    1.131715        -2.168507       0.707107       
420    0.611502        -1.635385       0.831470       
421    -0.352997       -0.718630       0.923880       
422    -1.295502       0.246482        0.980785       
423    -1.576274       0.578562        1.000000       
424    -1.152661       0.211166        0.980785       
425    0.371491        -1.392901       0.923880       
426    0.409573        -1.693401       0.831470       
427    -0.986500       0.152017        0.707107       
428    0.296181        -1.521914       0.555570       
429    -0.364162       -0.375944       0.382683       
430    0.449186        -0.298363       0.195090       
431    6.711168        -5.278407       -0.000000      
432    0.447384        -0.299900       -0.195091      
433    -0.366841       -0.373322       -0.382684      
434    0.298831        -1.499061       -0.555571      
435    -0.992701       0.146929        -0.707107      
436    0.445963        -1.709955       -0.831470      
437    0.378844        -1.404892       -0.923880      
438    -1.164063       0.229541        -0.980785      
439    -1.577595       0.581555        -1.000000      
440    -1.306644       0.264855        -0.980785      
441    -0.411111       -0.662064       -0.923879      
442    0.571641        -1.606612       -0.831469      
443    1.095707        -2.147539       -0.707106      
444    1.348805        -2.513224       -0.555569      
445    1.379972        -2.786107       -0.382682      
446    1.101047        -3.016469       -0.195089      
447    -1.053148       -5.289012       0.000000       
448    1.690386        -2.648481       0.195090       
449    1.824892        -2.375948       0.382683       
450    1.707224        -2.142218       0.555570       
451    1.366751        -1.849549       0.707107       
452    0.710192        -1.421039       0.831470       
453    -0.517434       -0.641919       0.923880       
454    -1.543776       0.071375        0.980785       
455    -1.818307       0.289372        1.000000       
456    -1.269203       -0.025815       0.980785       
457    0.559864        -1.321504       0.923880       
458    0.525040        -1.491715       0.831470       
459    -1.187769       -0.036476       0.707107       
460    0.472125        -1.398704       0.555570       
461    -0.627376       -0.436505       0.382683       
462    0.145108        -0.679489       0.195090       
463    3.732709        -0.758469       -0.000000      
464    0.158867        -0.665532       -0.195091      
465    -0.642133       -0.434802       -0.382684      
466    0.471985        -1.378813       -0.555571      
467    -1.192730       -0.043843       -0.707107      
468    0.560890        -1.502785       -0.831470      
469    0.548920        -1.309597       -0.923880      
470    -1.288748       -0.014423       -0.980785      
471    -1.825193       0.287660        -1.000000      
472    -1.552521       0.080210        -0.980785      
473    -0.570627       -0.606834       -0.923879      
474    0.651914        -1.395334       -0.831469      
475    1.327513        -1.845076       -0.707106      
476    1.682684        -2.147606       -0.555569      
477    1.818437        -2.377903       -0.382682      
478    1.695388        -2.652457       -0.195089      
479    0.569126        0.483547        0.000000       
480    2.122266        -2.161145       0.195090       
481    2.126028        -1.891697       0.382683       
482    1.928602        -1.706314       0.555570       
483    1.498226        -1.493136       0.707107       
484    0.743854        -1.193438       0.831470       
485    -0.714775       -0.627838       0.923880       
486    -1.752837       -0.180847       0.980785       
487    -2.001215       -0.056743       1.000000       
488    -1.310904       -0.279755       0.980785       
489    0.722854        -1.185318       0.923880       
490    0.627034        -1.285063       0.831470       
491    -1.339589       -0.270652       0.707107       
492    0.604858        -1.208128       0.555570       
493    -0.800218       -0.566125       0.382683       
494    -0.227615       -1.099623       0.195090       
495    -0.648896       -1.607836       -0.000000      
496    -0.229397       -1.089441       -0.195091      
497    -0.783716       -0.561163       -0.382684      
498    0.596498        -1.214681       -0.555571      
499    -1.340185       -0.274544       -0.707107      
500    0.656547        -1.287524       -0.831470      
501    0.703358        -1.163705       -0.923880      
502    -1.391469       -0.272122       -0.980785      
503    -2.017766       -0.075118       -1.000000      
504    -1.762664       -0.188208       -0.980785      
505    -0.745071       -0.615831       -0.923879      
506    0.682477        -1.166458       -0.831469      
507    1.490982        -1.481985       -0.707106      
508    1.914006        -1.699361       -0.555569      
509    2.118783        -1.900738       -0.382682      
510    2.119170        -2.166977       -0.195089      
511    -14.485103      10.793684       0.000000       
512    2.383049        -1.568592       0.195090       
513    2.296780        -1.349594       0.382683       
514    2.037161        -1.230402       0.555570       
515    1.572182        -1.116612       0.707107       
516    0.683399        -0.967640       0.831470       
517    -0.880536       -0.699976       0.923880       
518    -1.902906       -0.504373       0.980785       
519    -2.112895       -0.454440       1.000000       
520    -1.340062       -0.532588       0.980785       
521    0.812641        -0.977501       0.923880       
522    0.710385        -1.071265       0.831470       
523    -1.427613       -0.515884       0.707107       
524    0.649952        -1.018586       0.555570       
525    -0.820241       -0.688178       0.382683       
526    -0.723811       -1.290657       0.195090       
527    -0.464339       40958.496094    -0.000000      
528    -0.745889       -1.264771       -0.195091      
529    -0.806448       -0.690061       -0.382684      
530    0.654177        -1.015458       -0.555571      
531    -1.427061       -0.519139       -0.707107      
532    0.714819        -1.071068       -0.831470      
533    0.814096        -0.974687       -0.923880      
534    -1.407948       -0.534719       -0.980785      
535    -2.127058       -0.464043       -1.000000      
536    -1.897025       -0.507798       -0.980785      
537    -0.930828       -0.690501       -0.923879      
538    0.612952        -0.960478       -0.831469      
539    1.531352        -1.110519       -0.707106      
540    2.052520        -1.225329       -0.555569      
541    2.288623        -1.345876       -0.382682      
542    2.375381        -1.566918       -0.195089      
543    4.895288        -10.728453      0.000000       
544    2.411881        -0.966765       0.195090       
545    2.313780        -0.815997       0.382683       
546    2.038656        -0.758805       0.555570       
547    1.541549        -0.747444       0.707107       
548    0.532063        -0.791775       0.831470       
549    -1.037159       -0.835771       0.923880       
550    -1.965807       -0.865572       0.980785       
551    -2.134042       -0.867838       1.000000       
552    -1.355069       -0.791564       0.980785       
553    0.852354        -0.746305       0.923880       
554    0.778564        -0.842767       0.831470       
555    -1.459195       -0.747122       0.707107       
556    0.632361        -0.850856       0.555570       
557    -0.814946       -0.713819       0.382683       
558    -0.592930       -0.527677       0.195090       
559    24.682650       33.425228       -0.000000      
560    -0.576532       -0.523827       -0.195091      
561    -0.843230       -0.721143       -0.382684      
562    0.643024        -0.841577       -0.555571      
563    -1.456125       -0.744796       -0.707107      
564    0.790029        -0.859599       -0.831470      
565    0.875455        -0.762655       -0.923880      
566    -1.368108       -0.777457       -0.980785      
567    -2.143968       -0.863291       -1.000000      
568    -1.953352       -0.863058       -0.980785      
569    -1.083547       -0.835133       -0.923879      
570    0.491606        -0.798051       -0.831469      
571    1.448357        -0.762613       -0.707106      
572    2.053391        -0.756072       -0.555569      
573    2.305120        -0.813270       -0.382682      
574    2.405949        -0.973215       -0.195089      
575    -0.226202       -0.720585       0.000000       
576    2.281835        -0.406577       0.195090       
577    2.197663        -0.277254       0.382683       
578    1.943673        -0.290311       0.555570       
579    1.399382        -0.411106       0.707107       
580    0.364997        -0.676816       0.831470       
581    -1.141279       -1.031112       0.923880       
582    -1.928696       -1.236968       0.980785       
583    -2.067167       -1.279415       1.000000       
584    -1.334513       -1.045844       0.980785       
585    0.857750        -0.505917       0.923880       
586    0.809798        -0.587252       0.831470       
587    -1.440906       -0.996016       0.707107       
588    0.571568        -0.676769       0.555570       
589    -0.899345       -0.762528       0.382683       
590    -0.231055       -0.490539       0.195090       
591    0.082256        -0.249577       -0.000000      
592    -0.195304       -0.538493       -0.195091      
593    -0.889759       -0.765723       -0.382684      
594    0.570239        -0.684189       -0.555571      
595    -1.441424       -0.976103       -0.707107      
596    0.843148        -0.606306       -0.831470      
597    0.843093        -0.521374       -0.923880      
598    -1.310377       -1.036504       -0.980785      
599    -2.067852       -1.293799       -1.000000      
600    -1.915491       -1.251885       -0.980785      
601    -1.152388       -1.041180       -0.923879      
602    0.368823        -0.662228       -0.831469      
603    1.358924        -0.407342       -0.707106      
604    1.925386        -0.280319       -0.555569      
605    2.197232        -0.262567       -0.382682      
606    2.274140        -0.411984       -0.195089      
607    5.382329        -6.509890       0.000000       
608    2.083487        0.167984        0.195090       
609    1.960459        0.228715        0.382683       
610    1.717481        0.154569        0.555570       
611    1.196709        -0.098767       0.707107       
612    0.197013        -0.604251       0.831470       
613    -1.133160       -1.259404       0.923880       
614    -1.787136       -1.615157       0.980785       
615    -1.917323       -1.702015       1.000000       
616    -1.275390       -1.309907       0.980785       
617    0.710179        -0.299610       0.923880       
618    0.801509        -0.312812       0.831470       
619    -1.358109       -1.252584       0.707107       
620    0.456753        -0.514937       0.555570       
621    -0.944598       -0.962064       0.382683       
622    -0.773065       -0.339068       0.195090       
623    -0.042616       -0.410196       -0.000000      
624    -0.765859       -0.306958       -0.195091      
625    -0.933828       -0.969183       -0.382684      
626    0.455034        -0.518157       -0.555571      
627    -1.360222       -1.238923       -0.707107      
628    0.831502        -0.320276       -0.831470      
629    0.745564        -0.283005       -0.923880      
630    -1.253637       -1.304281       -0.980785      
631    -1.912572       -1.712786       -1.000000      
632    -1.773292       -1.626760       -0.980785      
633    -1.133999       -1.266437       -0.923879      
634    0.193291        -0.598832       -0.831469      
635    1.181409        -0.093807       -0.707106      
636    1.670937        0.136975        -0.555569      
637    1.966556        0.243226        -0.382682      
638    2.065508        0.165344        -0.195089      
639    6.688970        3.169598        0.000000       
640    1.741941        0.571982        0.195090       
641    1.637424        0.643455        0.382683       
642    1.388685        0.508628        0.555570       
643    0.977002        0.194116        0.707107       
644    0.113535        -0.528299       0.831470       
645    -0.986625       -1.437474       0.923880       
646    -1.537186       -1.940146       0.980785       
647    -1.671949       -2.082532       1.000000       
648    -1.155831       -1.575085       0.980785       
649    0.536990        -0.128668       0.923880       
650    0.728397        -0.030727       0.831470       
651    -1.214364       -1.486704       0.707107       
652    0.329469        -0.383064       0.555570       
653    -0.879643       -1.232389       0.382683       
654    -0.939141       -0.377494       0.195090       
655    6.155221        -1.292245       -0.000000      
656    -0.940273       -0.380093       -0.195091      
657    -0.876327       -1.229872       -0.382684      
658    0.329617        -0.379055       -0.555571      
659    -1.211211       -1.490526       -0.707107      
660    0.727842        -0.030630       -0.831470      
661    0.560940        -0.104183       -0.923880      
662    -1.152313       -1.574131       -0.980785      
663    -1.667160       -2.089958       -1.000000      
664    -1.528847       -1.943494       -0.980785      
665    -0.991628       -1.447128       -0.923879      
666    0.102623        -0.534477       -0.831469      
667    0.968925        0.192022        -0.707106      
668    1.368343        0.497204        -0.555569      
669    1.625039        0.653135        -0.382682      
670    1.723641        0.558165        -0.195089      
671    -4.706148       -4.088798       0.000000       
672    1.425251        0.940275        0.195090       
673    1.283609        1.049492        0.382683       
674    1.093415        0.886743        0.555570       
675    0.742895        0.454885        0.707107       
676    0.046089        -0.449683       0.831470       
677    -0.797091       -1.560127       0.923880       
678    -1.221497       -2.185428       0.980785       
679    -1.331898       -2.395474       1.000000       
680    -0.967898       -1.824257       0.980785       
681    0.327508        -0.007695       0.923880       
682    0.556525        0.236636        0.831470       
683    -1.007701       -1.695107       0.707107       
684    0.211527        -0.287359       0.555570       
685    -0.829275       -1.394980       0.382683       
686    -0.830741       -0.650630       0.195090       
687    -5.260945       -1.830937       -0.000000      
688    -0.843077       -0.666758       -0.195091      
689    -0.821528       -1.393579       -0.382684      
690    0.200632        -0.302504       -0.555571      
691    -1.005716       -1.694539       -0.707107      
692    0.532675        0.230630        -0.831470      
693    0.341685        0.019222        -0.923880      
694    -0.948025       -1.809587       -0.980785      
695    -1.329093       -2.402929       -1.000000      
696    -1.214906       -2.190546       -0.980785      
697    -0.803593       -1.574461       -0.923879      
698    0.057280        -0.429200       -0.831469      
699    0.695173        0.411454        -0.707106      
700    1.068084        0.877932        -0.555569      
701    1.272328        1.062650        -0.382682      
702    1.391002        0.940098        -0.195089      
703    4.731091        6.398914        0.000000       
704    0.970257        1.393936        0.195090       
705    0.830150        1.406484        0.382683       
706    0.685368        1.179652        0.555570       
707    0.454870        0.701441        0.707107       
708    -0.015392       -0.324277       0.831470       
709    -0.578758       -1.601413       0.923880       
710    -0.858439       -2.337883       0.980785       
711    -0.919849       -2.620958       1.000000       
712    -0.704202       -2.030122       0.980785       
713    0.107990        0.071956        0.923880       
714    0.285547        0.445662        0.831470       
715    -0.759537       -1.851704       0.707107       
716    0.082614        -0.254800       0.555570       
717    -0.813430       -1.518373       0.382683       
718    -0.688657       -0.415186       0.195090       
719    18.737604       28.100000       -0.000000      
720    -0.685833       -0.419785       -0.195091      
721    -0.816826       -1.518283       -0.382684      
722    0.081108        -0.255341       -0.555571      
723    -0.757275       -1.853589       -0.707107      
724    0.267420        0.433813        -0.831470      
725    0.114090        0.089137        -0.923880      
726    -0.710265       -2.023712       -0.980785      
727    -0.938474       -2.620290       -1.000000      
728    -0.862266       -2.336181       -0.980785      
729    -0.574960       -1.588539       -0.923879      
730    -0.005315       -0.318851       -0.831469      
731    0.443758        0.655026        -0.707106      
732    0.690030        1.176119        -0.555569      
733    0.841453        1.405576        -0.382682      
734    0.973896        1.391816        -0.195089      
735    9.516558        -11.724000      0.000000       
736    0.393770        1.757893        0.195090       
737    0.295001        1.658146        0.382683       
738    0.215700        1.380122        0.555570       
739    0.099593        0.845117        0.707107       
740    -0.109217       -0.174055       0.831470       
741    -0.369144       -1.556125       0.923880       
742    -0.479098       -2.399472       0.980785       
743    -0.482050       -2.738223       1.000000       
744    -0.398243       -2.176576       0.980785       
745    -0.115161       0.058399        0.923880       
746    -0.046664       0.559660        0.831470       
747    -0.503223       -1.929903       0.707107       
748    -0.042303       -0.220493       0.555570       
749    -0.558998       -1.447233       0.382683       
750    -0.610730       -0.789184       0.195090       
751    -0.539537       -2.226280       -0.000000      
752    -0.591532       -0.771950       -0.195091      
753    -0.564406       -1.433343       -0.382684      
754    -0.040836       -0.213186       -0.555571      
755    -0.501488       -1.932632       -0.707107      
756    -0.041225       0.556568        -0.831470      
757    -0.108781       0.063929        -0.923880      
758    -0.423019       -2.200367       -0.980785      
759    -0.500580       -2.736592       -1.000000      
760    -0.493014       -2.386141       -0.980785      
761    -0.366739       -1.527347       -0.923879      
762    -0.116103       -0.232131       -0.831469      
763    0.104892        0.825243        -0.707106      
764    0.225352        1.386243        -0.555569      
765    0.299670        1.652403        -0.382682      
766    0.398898        1.760832        -0.195089      
767    -1.390650       9.423701        0.000000       
768    -0.253538       1.925087        0.195090       
769    -0.282385       1.752125        0.382683       
770    -0.288689       1.469658        0.555570       
771    -0.282740       0.909388        0.707107       
772    -0.261296       -0.021392       0.831470       
773    -0.205587       -1.399941       0.923880       
774    -0.116187       -2.355634       0.980785       
775    -0.033286       -2.743385       1.000000       
776    -0.062849       -2.257047       0.980785       
777    -0.303062       -0.019085       0.923880       
778    -0.387456       0.577590        0.831470       
779    -0.235971       -1.933499       0.707107       
780    -0.202102       -0.214251       0.555570       
781    -0.245770       -0.664155       0.382683       
782    -0.027311       -0.225015       0.195090       
783    -3.663913       -0.312392       -0.000000      
784    -0.019315       -0.243273       -0.195091      
785    -0.240611       -0.657206       -0.382684      
786    -0.200605       -0.260197       -0.555571      
787    -0.238520       -1.935196       -0.707107      
788    -0.384087       0.580539        -0.831470      
789    -0.300568       -0.018203       -0.923880      
790    -0.076033       -2.271481       -0.980785      
791    -0.046223       -2.744705       -1.000000      
792    -0.126912       -2.341876       -0.980785      
793    -0.204332       -1.438027       -0.923879      
794    -0.258941       -0.120114       -0.831469      
795    -0.284075       0.898573        -0.707106      
796    -0.294513       1.473639        -0.555569      
797    -0.292318       1.749362        -0.382682      
798    -0.261121       1.927963        -0.195089      
799    -6.667372       12.535028       0.000000       
800    -0.816325       1.788917        0.195090       
801    -0.868039       1.666698        0.382683       
802    -0.809320       1.405818        0.555570       
803    -0.678774       0.902168        0.707107       
804    -0.459530       0.041571        0.831470       
805    -0.116398       -1.232346       0.923880       
806    0.198809        -2.216611       0.980785       
807    0.389955        -2.644608       1.000000       
808    0.283266        -2.248926       0.980785       
809    -0.444925       -0.134923       0.923880       
810    -0.715321       0.513170        0.831470       
811    0.033669        -1.861726       0.707107       
812    -0.350512       -0.354396       0.555570       
813    -0.576801       -0.163712       0.382683       
814    -1.180235       -0.888907       0.195090       
815    25.589697       -3.232511       -0.000000      
816    -1.182106       -0.897769       -0.195091      
817    -0.577911       -0.170743       -0.382684      
818    -0.347229       -0.371269       -0.555571      
819    0.048222        -1.864726       -0.707107      
820    -0.727310       0.510902        -0.831470      
821    -0.453974       -0.119479       -0.923880      
822    0.299002        -2.247573       -0.980785      
823    0.393191        -2.642157       -1.000000      
824    0.207665        -2.222598       -0.980785      
825    -0.096368       -1.299007       -0.923879      
826    -0.451631       -0.028854       -0.831469      
827    -0.687563       0.892933        -0.707106      
828    -0.817428       1.423228        -0.555569      
829    -0.867827       1.691437        -0.382682      
830    -0.802478       1.797539        -0.195089      
831    -0.224893       -0.708272       0.000000       
832    -1.187887       1.380005        0.195090       
833    -1.375984       1.409510        0.382683       
834    -1.290644       1.212952        0.555570       
835    -1.074044       0.804744        0.707107       
836    -0.680725       0.035411        0.831470       
837    -0.099374       -1.061258       0.923880       
838    0.451285        -2.013206       0.980785       
839    0.761442        -2.460857       1.000000       
840    0.627921        -2.179337       0.980785       
841    -0.537325       -0.268689       0.923880       
842    -1.016527       0.375962        0.831470       
843    0.290103        -1.702697       0.707107       
844    -0.381000       -0.559780       0.555570       
845    -0.971267       -0.150933       0.382683       
846    -1.172565       -0.792121       0.195090       
847    -9.335131       7.837367        -0.000000      
848    -1.175421       -0.836103       -0.195091      
849    -0.971321       -0.175579       -0.382684      
850    -0.399914       -0.537908       -0.555571      
851    0.316295        -1.700571       -0.707107      
852    -1.035578       0.354543        -0.831470      
853    -0.546914       -0.260213       -0.923880      
854    0.656009        -2.154231       -0.980785      
855    0.794369        -2.439334       -1.000000      
856    0.489766        -2.027195       -0.980785      
857    -0.064897       -1.125892       -0.923879      
858    -0.685807       0.011084        -0.831469      
859    -1.089189       0.808089        -0.707106      
860    -1.308324       1.251453        -0.555569      
861    -1.381991       1.450020        -0.382682      
862    -1.185335       1.398555        -0.195089      
863    -1.736811       0.937912        0.000000       
864    -1.552306       0.894735        0.195090       
865    -1.810145       1.052085        0.382683       
866    -1.711532       0.917753        0.555570       
867    -1.437994       0.604468        0.707107       
868    -0.935276       0.002007        0.831470       
869    -0.131822       -0.933084       0.923880       
870    0.651224        -1.782367       0.980785       
871    1.081811        -2.193563       1.000000       
872    0.965808        -2.012969       0.980785       
873    -0.563845       -0.419506       0.923880       
874    -1.282316       0.153625        0.831470       
875    0.500629        -1.468199       0.707107       
876    -0.310755       -0.691849       0.555570       
877    -1.207191       -0.255195       0.382683       
878    -1.113357       -0.566521       0.195090       
879    0.028683        -3.170084       -0.000000      
880    -1.115138       -0.573203       -0.195091      
881    -1.209658       -0.288063       -0.382684      
882    -0.326228       -0.680264       -0.555571      
883    0.504197        -1.464839       -0.707107      
884    -1.292118       0.135383        -0.831470      
885    -0.577557       -0.408744       -0.923880      
886    0.968713        -1.977536       -0.980785      
887    1.104849        -2.176325       -1.000000      
888    0.680826        -1.787238       -0.980785      
889    -0.133069       -0.936182       -0.923879      
890    -0.955544       0.009572        -0.831469      
891    -1.464266       0.616781        -0.707106      
892    -1.742066       0.935806        -0.555569      
893    -1.828874       1.052807        -0.382682      
894    -1.571484       0.888577        -0.195089      
895    -0.314763       -1.000360       0.000000       
896    -1.920051       0.408133        0.195090       
897    -2.173785       0.598860        0.382683       
898    -2.067334       0.530117        0.555570       
899    -1.755560       0.317742        0.707107       
900    -1.201568       -0.099338       0.831470       
901    -0.243271       -0.816173       0.923880       
902    0.796984        -1.531257       0.980785       
903    1.335566        -1.865264       1.000000       
904    1.248183        -1.750419       0.980785       
905    -0.520799       -0.560772       0.923880       
906    -1.485714       -0.122811       0.831470       
907    0.596222        -1.206993       0.707107       
908    -0.252156       -0.734248       0.555570       
909    -1.379640       -0.418627       0.382683       
910    -0.732415       -1.544028       0.195090       
911    -0.429667       -1.726283       -0.000000      
912    -0.669370       -1.574743       -0.195091      
913    -1.380080       -0.471756       -0.382684      
914    -0.216844       -0.747557       -0.555571      
915    0.584419        -1.211805       -0.707107      
916    -1.486682       -0.107812       -0.831470      
917    -0.548379       -0.544493       -0.923880      
918    1.239898        -1.728005       -0.980785      
919    1.341858        -1.857449       -1.000000      
920    0.800654        -1.527552       -0.980785      
921    -0.270220       -0.798726       -0.923879      
922    -1.206413       -0.106322       -0.831469      
923    -1.790669       0.329948        -0.707106      
924    -2.101261       0.539986        -0.555569      
925    -2.186692       0.584118        -0.382682      
926    -1.940356       0.422041        -0.195089      
927    29.693369       8.663682        0.000000       
928    -2.235879       -0.070003       0.195090       
929    -2.442101       0.107323        0.382683       
930    -2.356294       0.101095        0.555570       
931    -2.009353       -0.035918       0.707107       
932    -1.421600       -0.300378       0.831470       
933    -0.391492       -0.761606       0.923880       
934    0.870740        -1.273197       0.980785       
935    1.504942        -1.503685       1.000000       
936    1.455722        -1.433484       0.980785       
937    -0.427992       -0.664505       0.923880       
938    -1.618254       -0.412431       0.831470       
939    0.593110        -0.982352       0.707107       
940    -0.249506       -0.742235       0.555570       
941    -1.476078       -0.811740       0.382683       
942    0.161672        -1.361703       0.195090       
943    0.487763        -0.578007       -0.000000      
944    0.192616        -1.321272       -0.195091      
945    -1.469990       -0.850341       -0.382684      
946    -0.175938       -0.755666       -0.555571      
947    0.585645        -0.989613       -0.707107      
948    -1.618493       -0.385994       -0.831470      
949    -0.446380       -0.660691       -0.923880      
950    1.451148        -1.446098       -0.980785      
951    1.506959        -1.504352       -1.000000      
952    0.878310        -1.275192       -0.980785      
953    -0.425360       -0.744658       -0.923879      
954    -1.440008       -0.281438       -0.831469      
955    -2.043324       -0.007020       -0.707106      
956    -2.371740       0.115921        -0.555569      
957    -2.447770       0.123383        -0.382682      
958    -2.253600       -0.057900       -0.195089      
959    9.388597        3.568722        0.000000       
960    -2.468590       -0.643062       0.195090       
961    -2.639332       -0.403239       0.382683       
962    -2.556031       -0.354682       0.555570       
963    -2.222865       -0.396800       0.707107       
964    -1.620973       -0.533296       0.831470       
965    -0.544328       -0.771074       0.923880       
966    0.891246        -1.031173       0.980785       
967    1.586041        -1.146066       1.000000       
968    1.576647        -1.100874       0.980785       
969    -0.309213       -0.722333       0.923880       
970    -1.685268       -0.698093       0.831470       
971    0.564137        -0.804200       0.707107       
972    -0.256757       -0.747053       0.555570       
973    -1.370754       -1.289509       0.382683       
974    0.271558        -1.148531       0.195090       
975    64.566978       -4.745904       -0.000000      
976    0.259205        -1.158867       -0.195091      
977    -1.372464       -1.285817       -0.382684      
978    -0.225268       -0.746200       -0.555571      
979    0.552969        -0.810436       -0.707107      
980    -1.687923       -0.681830       -0.831470      
981    -0.341158       -0.721598       -0.923880      
982    1.579222        -1.128576       -0.980785      
983    1.593507        -1.151873       -1.000000      
984    0.889593        -1.032244       -0.980785      
985    -0.594703       -0.757655       -0.923879      
986    -1.627644       -0.524514       -0.831469      
987    -2.238451       -0.389501       -0.707106      
988    -2.586405       -0.341355       -0.555569      
989    -2.640155       -0.402696       -0.382682      
990    -2.476671       -0.645223       -0.195089      
991    3.392623        3.297155        0.000000       
992    -2.563957       -1.270394       0.195090       
993    -2.726944       -0.977125       0.382683       
994    -2.650687       -0.866799       0.555570       
995    -2.338194       -0.815280       0.707107       
996    -1.778048       -0.811697       0.831470       
997    -0.694087       -0.834237       0.923880       
998    0.869731        -0.813411       0.980785       
999    1.595942        -0.800969       1.000000       
1000   1.628269        -0.762604       0.980785       
1001   -0.194258       -0.735951       0.923880       
1002   -1.696438       -0.968583       0.831470       
1003   0.495920        -0.671676       0.707107       
1004   -0.186331       -0.727983       0.555570       
1005   -1.152574       -1.604383       0.382683       
1006   0.103813        -1.269528       0.195090       
1007   -2.556307       2.866593        -0.000000      
1008   0.080378        -1.259732       -0.195091      
1009   -1.163904       -1.590698       -0.382684      
1010   -0.156416       -0.722528       -0.555571      
1011   0.498445        -0.671443       -0.707107      
1012   -1.694477       -0.964986       -0.831470      
1013   -0.263304       -0.738137       -0.923880      
1014   1.627163        -0.786559       -0.980785      
1015   1.602750        -0.811287       -1.000000      
1016   0.844397        -0.817138       -0.980785      
1017   -0.708906       -0.833657       -0.923879      
1018   -1.762366       -0.814104       -0.831469      
1019   -2.362245       -0.810376       -0.707106      
1020   -2.679260       -0.862583       -0.555569      
1021   -2.720748       -0.978793       -0.382682      
1022   -2.562364       -1.274744       -0.195089      
1023   -0.716949       -2.004993       0.000000       
Tiempo en segundos: 26.605667
